 -4.9500e+00  3.2802e+05
 -4.8500e+00  3.2971e+05
 -4.7500e+00  3.3145e+05
 -4.6500e+00  3.3514e+05
 -4.5500e+00  3.3596e+05
 -4.4500e+00  3.3585e+05
 -4.3500e+00  3.3932e+05
 -4.2500e+00  3.4131e+05
 -4.1500e+00  3.4207e+05
 -4.0500e+00  3.4291e+05
 -3.9500e+00  3.4293e+05
 -3.8500e+00  3.4476e+05
 -3.7500e+00  3.4575e+05
 -3.6500e+00  3.4702e+05
 -3.5500e+00  3.4834e+05
 -3.4500e+00  3.4924e+05
 -3.3500e+00  3.4856e+05
 -3.2500e+00  3.4945e+05
 -3.1500e+00  3.5008e+05
 -3.0500e+00  3.4988e+05
 -2.9500e+00  3.4960e+05
 -2.8500e+00  3.5052e+05
 -2.7500e+00  3.5027e+05
 -2.6500e+00  3.5022e+05
 -2.5500e+00  3.4907e+05
 -2.4500e+00  3.4776e+05
 -2.3500e+00  3.4790e+05
 -2.2500e+00  3.4606e+05
 -2.1500e+00  3.4525e+05
 -2.0500e+00  3.4420e+05
 -1.9500e+00  3.4223e+05
 -1.8500e+00  3.4051e+05
 -1.7500e+00  3.3714e+05
 -1.6500e+00  3.3704e+05
 -1.5500e+00  3.3396e+05
 -1.4500e+00  3.2925e+05
 -1.3500e+00  3.2785e+05
 -1.2500e+00  3.2559e+05
 -1.1500e+00  3.2029e+05
 -1.0500e+00  3.1756e+05
 -9.5000e-01  3.1389e+05
 -8.5000e-01  3.1051e+05
 -7.5000e-01  3.0673e+05
 -6.5000e-01  3.0301e+05
 -5.5000e-01  2.9927e+05
 -4.5000e-01  2.9748e+05
 -3.5000e-01  2.9619e+05
 -2.5000e-01  2.9288e+05
 -1.5000e-01  2.9211e+05
 -5.0000e-02  2.9126e+05
  5.0000e-02  2.9115e+05
  1.5000e-01  2.9242e+05
  2.5000e-01  2.9371e+05
  3.5000e-01  2.9464e+05
  4.5000e-01  2.9761e+05
  5.5000e-01  2.9991e+05
  6.5000e-01  3.0349e+05
  7.5000e-01  3.0602e+05
  8.5000e-01  3.1042e+05
  9.5000e-01  3.1299e+05
  1.0500e+00  3.1782e+05
  1.1500e+00  3.2069e+05
  1.2500e+00  3.2475e+05
  1.3500e+00  3.2717e+05
  1.4500e+00  3.3109e+05
  1.5500e+00  3.3427e+05
  1.6500e+00  3.3634e+05
  1.7500e+00  3.3899e+05
  1.8500e+00  3.4089e+05
  1.9500e+00  3.4372e+05
  2.0500e+00  3.4370e+05
  2.1500e+00  3.4544e+05
  2.2500e+00  3.4717e+05
  2.3500e+00  3.4746e+05
  2.4500e+00  3.4844e+05
  2.5500e+00  3.4949e+05
  2.6500e+00  3.5014e+05
  2.7500e+00  3.4905e+05
  2.8500e+00  3.5001e+05
  2.9500e+00  3.5019e+05
  3.0500e+00  3.4947e+05
  3.1500e+00  3.4928e+05
  3.2500e+00  3.4937e+05
  3.3500e+00  3.4915e+05
  3.4500e+00  3.4792e+05
  3.5500e+00  3.4796e+05
  3.6500e+00  3.4708e+05
  3.7500e+00  3.4600e+05
  3.8500e+00  3.4477e+05
  3.9500e+00  3.4350e+05
  4.0500e+00  3.4211e+05
  4.1500e+00  3.4095e+05
  4.2500e+00  3.3950e+05
  4.3500e+00  3.3919e+05
  4.4500e+00  3.3772e+05
  4.5500e+00  3.3582e+05
  4.6500e+00  3.3413e+05
  4.7500e+00  3.3159e+05
  4.8500e+00  3.3006e+05
  4.9500e+00  3.2765e+05
