 -4.9500e+00  3.0190e+04
 -4.8500e+00  3.0216e+04
 -4.7500e+00  3.0343e+04
 -4.6500e+00  3.0755e+04
 -4.5500e+00  3.0918e+04
 -4.4500e+00  3.0870e+04
 -4.3500e+00  3.1074e+04
 -4.2500e+00  3.1688e+04
 -4.1500e+00  3.1184e+04
 -4.0500e+00  3.1500e+04
 -3.9500e+00  3.1688e+04
 -3.8500e+00  3.1490e+04
 -3.7500e+00  3.1493e+04
 -3.6500e+00  3.1725e+04
 -3.5500e+00  3.1747e+04
 -3.4500e+00  3.1714e+04
 -3.3500e+00  3.2233e+04
 -3.2500e+00  3.1634e+04
 -3.1500e+00  3.2236e+04
 -3.0500e+00  3.1677e+04
 -2.9500e+00  3.1874e+04
 -2.8500e+00  3.2141e+04
 -2.7500e+00  3.1613e+04
 -2.6500e+00  3.1782e+04
 -2.5500e+00  3.1325e+04
 -2.4500e+00  3.1147e+04
 -2.3500e+00  3.0717e+04
 -2.2500e+00  3.0760e+04
 -2.1500e+00  3.0213e+04
 -2.0500e+00  3.0334e+04
 -1.9500e+00  2.9619e+04
 -1.8500e+00  2.9298e+04
 -1.7500e+00  2.8740e+04
 -1.6500e+00  2.8573e+04
 -1.5500e+00  2.7935e+04
 -1.4500e+00  2.7443e+04
 -1.3500e+00  2.6953e+04
 -1.2500e+00  2.6499e+04
 -1.1500e+00  2.5570e+04
 -1.0500e+00  2.4851e+04
 -9.5000e-01  2.4289e+04
 -8.5000e-01  2.3766e+04
 -7.5000e-01  2.3211e+04
 -6.5000e-01  2.2439e+04
 -5.5000e-01  2.1987e+04
 -4.5000e-01  2.1467e+04
 -3.5000e-01  2.1089e+04
 -2.5000e-01  2.0831e+04
 -1.5000e-01  2.0878e+04
 -5.0000e-02  2.0729e+04
  5.0000e-02  2.0544e+04
  1.5000e-01  2.0885e+04
  2.5000e-01  2.1011e+04
  3.5000e-01  2.1266e+04
  4.5000e-01  2.1596e+04
  5.5000e-01  2.1899e+04
  6.5000e-01  2.2469e+04
  7.5000e-01  2.3064e+04
  8.5000e-01  2.3835e+04
  9.5000e-01  2.4237e+04
  1.0500e+00  2.5082e+04
  1.1500e+00  2.5386e+04
  1.2500e+00  2.6419e+04
  1.3500e+00  2.6357e+04
  1.4500e+00  2.7534e+04
  1.5500e+00  2.8001e+04
  1.6500e+00  2.8575e+04
  1.7500e+00  2.9137e+04
  1.8500e+00  2.9441e+04
  1.9500e+00  2.9940e+04
  2.0500e+00  3.0216e+04
  2.1500e+00  3.0542e+04
  2.2500e+00  3.0606e+04
  2.3500e+00  3.1013e+04
  2.4500e+00  3.1296e+04
  2.5500e+00  3.1662e+04
  2.6500e+00  3.1764e+04
  2.7500e+00  3.1321e+04
  2.8500e+00  3.1994e+04
  2.9500e+00  3.1766e+04
  3.0500e+00  3.1698e+04
  3.1500e+00  3.1777e+04
  3.2500e+00  3.1808e+04
  3.3500e+00  3.1970e+04
  3.4500e+00  3.1641e+04
  3.5500e+00  3.1827e+04
  3.6500e+00  3.1997e+04
  3.7500e+00  3.1592e+04
  3.8500e+00  3.1684e+04
  3.9500e+00  3.1471e+04
  4.0500e+00  3.1300e+04
  4.1500e+00  3.1159e+04
  4.2500e+00  3.1406e+04
  4.3500e+00  3.0869e+04
  4.4500e+00  3.0801e+04
  4.5500e+00  3.0476e+04
  4.6500e+00  3.0584e+04
  4.7500e+00  3.0502e+04
  4.8500e+00  3.0272e+04
  4.9500e+00  3.0291e+04
