  0.0000e+00  2.6844e+05
  1.0000e+00  7.2370e+03
  2.0000e+00  5.3200e+03
  3.0000e+00  4.7310e+03
  4.0000e+00  4.6210e+03
  5.0000e+00  4.6650e+03
  6.0000e+00  4.7620e+03
  7.0000e+00  4.9750e+03
  8.0000e+00  5.3210e+03
  9.0000e+00  5.5660e+03
  1.0000e+01  5.9750e+03
  1.1000e+01  6.4370e+03
  1.2000e+01  6.7380e+03
  1.3000e+01  7.2900e+03
  1.4000e+01  7.7360e+03
  1.5000e+01  8.6800e+03
  1.6000e+01  9.4350e+03
  1.7000e+01  1.0691e+04
  1.8000e+01  1.1723e+04
  1.9000e+01  1.3379e+04
  2.0000e+01  1.4686e+04
  2.1000e+01  1.5743e+04
  2.2000e+01  1.7376e+04
  2.3000e+01  1.8070e+04
  2.4000e+01  1.9202e+04
  2.5000e+01  1.9546e+04
  2.6000e+01  1.9404e+04
  2.7000e+01  1.9145e+04
  2.8000e+01  1.8255e+04
  2.9000e+01  1.7273e+04
  3.0000e+01  1.6159e+04
  3.1000e+01  1.4981e+04
  3.2000e+01  1.3754e+04
  3.3000e+01  1.2599e+04
  3.4000e+01  1.1432e+04
  3.5000e+01  1.0441e+04
  3.6000e+01  9.8400e+03
  3.7000e+01  9.0020e+03
  3.8000e+01  8.2010e+03
  3.9000e+01  7.7970e+03
  4.0000e+01  7.2110e+03
  4.1000e+01  6.8940e+03
  4.2000e+01  6.5880e+03
  4.3000e+01  6.3620e+03
  4.4000e+01  6.1860e+03
  4.5000e+01  6.0460e+03
  4.6000e+01  5.8470e+03
  4.7000e+01  5.7200e+03
  4.8000e+01  5.5670e+03
  4.9000e+01  5.4450e+03
  5.0000e+01  5.4030e+03
  5.1000e+01  5.2380e+03
  5.2000e+01  5.1800e+03
  5.3000e+01  5.0370e+03
  5.4000e+01  5.0060e+03
  5.5000e+01  4.9580e+03
  5.6000e+01  4.7790e+03
  5.7000e+01  4.8350e+03
  5.8000e+01  4.5930e+03
  5.9000e+01  4.4610e+03
  6.0000e+01  4.4090e+03
  6.1000e+01  4.3160e+03
  6.2000e+01  4.2160e+03
  6.3000e+01  4.0380e+03
  6.4000e+01  4.1100e+03
  6.5000e+01  4.0160e+03
  6.6000e+01  3.8980e+03
  6.7000e+01  3.9120e+03
  6.8000e+01  3.7550e+03
  6.9000e+01  3.6940e+03
  7.0000e+01  3.5240e+03
  7.1000e+01  3.6190e+03
  7.2000e+01  3.5190e+03
  7.3000e+01  3.3970e+03
  7.4000e+01  3.4120e+03
  7.5000e+01  3.3340e+03
  7.6000e+01  3.1560e+03
  7.7000e+01  3.1510e+03
  7.8000e+01  3.1160e+03
  7.9000e+01  2.9280e+03
  8.0000e+01  2.8980e+03
  8.1000e+01  2.9800e+03
  8.2000e+01  2.8280e+03
  8.3000e+01  2.8720e+03
  8.4000e+01  2.8300e+03
  8.5000e+01  2.8150e+03
  8.6000e+01  2.7110e+03
  8.7000e+01  2.6530e+03
  8.8000e+01  2.4680e+03
  8.9000e+01  2.5210e+03
  9.0000e+01  2.4550e+03
  9.1000e+01  2.4170e+03
  9.2000e+01  2.3080e+03
  9.3000e+01  2.3520e+03
  9.4000e+01  2.2800e+03
  9.5000e+01  2.2310e+03
  9.6000e+01  2.1940e+03
  9.7000e+01  2.2180e+03
  9.8000e+01  2.0810e+03
  9.9000e+01  2.0820e+03
  1.0000e+02  2.0490e+03
  1.0100e+02  1.9640e+03
  1.0200e+02  1.9670e+03
  1.0300e+02  1.8340e+03
  1.0400e+02  1.9370e+03
  1.0500e+02  1.8010e+03
  1.0600e+02  1.8020e+03
  1.0700e+02  1.7850e+03
  1.0800e+02  1.8220e+03
  1.0900e+02  1.5940e+03
  1.1000e+02  1.6750e+03
  1.1100e+02  1.6800e+03
  1.1200e+02  1.5080e+03
  1.1300e+02  1.5960e+03
  1.1400e+02  1.4980e+03
  1.1500e+02  1.4480e+03
  1.1600e+02  1.3220e+03
  1.1700e+02  1.3700e+03
  1.1800e+02  1.3770e+03
  1.1900e+02  1.2800e+03
  1.2000e+02  1.3040e+03
  1.2100e+02  1.2880e+03
  1.2200e+02  1.1860e+03
  1.2300e+02  1.1710e+03
  1.2400e+02  1.1750e+03
  1.2500e+02  1.1190e+03
  1.2600e+02  1.1000e+03
  1.2700e+02  1.0210e+03
  1.2800e+02  1.0110e+03
  1.2900e+02  9.8200e+02
  1.3000e+02  9.4600e+02
  1.3100e+02  9.5200e+02
  1.3200e+02  8.4700e+02
  1.3300e+02  8.7100e+02
  1.3400e+02  8.3300e+02
  1.3500e+02  8.0100e+02
  1.3600e+02  7.5500e+02
  1.3700e+02  7.7900e+02
  1.3800e+02  7.3900e+02
  1.3900e+02  7.6100e+02
  1.4000e+02  6.5300e+02
  1.4100e+02  6.5500e+02
  1.4200e+02  6.5000e+02
  1.4300e+02  6.4700e+02
  1.4400e+02  6.1000e+02
  1.4500e+02  5.5600e+02
  1.4600e+02  5.3500e+02
  1.4700e+02  5.4200e+02
  1.4800e+02  5.4900e+02
  1.4900e+02  4.7700e+02
  1.5000e+02  4.7100e+02
  1.5100e+02  4.3300e+02
  1.5200e+02  4.2400e+02
  1.5300e+02  4.0700e+02
  1.5400e+02  3.8800e+02
  1.5500e+02  4.0200e+02
  1.5600e+02  3.2100e+02
  1.5700e+02  3.5400e+02
  1.5800e+02  3.1000e+02
  1.5900e+02  2.9700e+02
  1.6000e+02  2.9800e+02
  1.6100e+02  2.6100e+02
  1.6200e+02  2.8100e+02
  1.6300e+02  2.8200e+02
  1.6400e+02  2.5500e+02
  1.6500e+02  2.5200e+02
  1.6600e+02  2.2900e+02
  1.6700e+02  2.3400e+02
  1.6800e+02  1.9000e+02
  1.6900e+02  2.0000e+02
  1.7000e+02  1.7100e+02
  1.7100e+02  1.7400e+02
  1.7200e+02  1.4100e+02
  1.7300e+02  1.7700e+02
  1.7400e+02  1.5900e+02
  1.7500e+02  1.4300e+02
  1.7600e+02  1.3300e+02
  1.7700e+02  1.3000e+02
  1.7800e+02  1.1100e+02
  1.7900e+02  9.9000e+01
  1.8000e+02  1.0600e+02
  1.8100e+02  1.0700e+02
  1.8200e+02  9.2000e+01
  1.8300e+02  9.7000e+01
  1.8400e+02  8.2000e+01
  1.8500e+02  7.6000e+01
  1.8600e+02  7.1000e+01
  1.8700e+02  7.1000e+01
  1.8800e+02  8.3000e+01
  1.8900e+02  6.1000e+01
  1.9000e+02  6.8000e+01
  1.9100e+02  6.4000e+01
  1.9200e+02  6.5000e+01
  1.9300e+02  5.3000e+01
  1.9400e+02  4.4000e+01
  1.9500e+02  4.7000e+01
  1.9600e+02  3.5000e+01
  1.9700e+02  2.9000e+01
  1.9800e+02  3.2000e+01
  1.9900e+02  2.4000e+01
  2.0000e+02  3.5000e+01
  2.0100e+02  2.5000e+01
  2.0200e+02  2.6000e+01
  2.0300e+02  3.3000e+01
  2.0400e+02  3.2000e+01
  2.0500e+02  1.4000e+01
  2.0600e+02  2.6000e+01
  2.0700e+02  3.2000e+01
  2.0800e+02  1.5000e+01
  2.0900e+02  1.4000e+01
  2.1000e+02  1.8000e+01
  2.1100e+02  1.6000e+01
  2.1200e+02  1.4000e+01
  2.1300e+02  1.4000e+01
  2.1400e+02  8.0000e+00
  2.1500e+02  3.0000e+00
  2.1600e+02  1.2000e+01
  2.1700e+02  9.0000e+00
  2.1800e+02  6.0000e+00
  2.1900e+02  6.0000e+00
  2.2000e+02  8.0000e+00
  2.2100e+02  5.0000e+00
  2.2200e+02  5.0000e+00
  2.2300e+02  7.0000e+00
  2.2400e+02  2.0000e+00
  2.2500e+02  7.0000e+00
  2.2600e+02  5.0000e+00
  2.2700e+02  2.0000e+00
  2.2800e+02  8.0000e+00
  2.2900e+02  7.0000e+00
  2.3000e+02  2.0000e+00
  2.3100e+02  6.0000e+00
  2.3200e+02  3.0000e+00
  2.3300e+02  1.0000e+00
  2.3400e+02  1.0000e+00
  2.3500e+02  2.0000e+00
  2.3600e+02  1.0000e+00
  2.3700e+02  3.0000e+00
  2.3800e+02  1.0000e+00
  2.3900e+02  0.0000e+00
  2.4000e+02  3.0000e+00
  2.4100e+02  3.0000e+00
  2.4200e+02  0.0000e+00
  2.4300e+02  1.0000e+00
  2.4400e+02  0.0000e+00
  2.4500e+02  0.0000e+00
  2.4600e+02  0.0000e+00
  2.4700e+02  0.0000e+00
  2.4800e+02  1.0000e+00
  2.4900e+02  1.0000e+00
  2.5000e+02  2.0000e+00
  2.5100e+02  0.0000e+00
  2.5200e+02  0.0000e+00
  2.5300e+02  0.0000e+00
  2.5400e+02  2.0000e+00
  2.5500e+02  1.0000e+00
  2.5600e+02  0.0000e+00
  2.5700e+02  0.0000e+00
  2.5800e+02  0.0000e+00
  2.5900e+02  0.0000e+00
  2.6000e+02  0.0000e+00
  2.6100e+02  0.0000e+00
  2.6200e+02  0.0000e+00
  2.6300e+02  0.0000e+00
  2.6400e+02  0.0000e+00
  2.6500e+02  0.0000e+00
  2.6600e+02  0.0000e+00
  2.6700e+02  0.0000e+00
  2.6800e+02  0.0000e+00
  2.6900e+02  1.0000e+00
  2.7000e+02  0.0000e+00
  2.7100e+02  0.0000e+00
  2.7200e+02  0.0000e+00
  2.7300e+02  0.0000e+00
  2.7400e+02  0.0000e+00
  2.7500e+02  0.0000e+00
  2.7600e+02  0.0000e+00
  2.7700e+02  0.0000e+00
  2.7800e+02  0.0000e+00
  2.7900e+02  0.0000e+00
  2.8000e+02  0.0000e+00
  2.8100e+02  0.0000e+00
  2.8200e+02  0.0000e+00
  2.8300e+02  0.0000e+00
  2.8400e+02  0.0000e+00
  2.8500e+02  0.0000e+00
  2.8600e+02  0.0000e+00
  2.8700e+02  0.0000e+00
  2.8800e+02  0.0000e+00
  2.8900e+02  0.0000e+00
  2.9000e+02  0.0000e+00
  2.9100e+02  0.0000e+00
  2.9200e+02  0.0000e+00
  2.9300e+02  0.0000e+00
  2.9400e+02  0.0000e+00
  2.9500e+02  0.0000e+00
  2.9600e+02  0.0000e+00
  2.9700e+02  0.0000e+00
  2.9800e+02  0.0000e+00
  2.9900e+02  0.0000e+00
  3.0000e+02  0.0000e+00
  3.0100e+02  0.0000e+00
  3.0200e+02  0.0000e+00
  3.0300e+02  0.0000e+00
  3.0400e+02  0.0000e+00
  3.0500e+02  0.0000e+00
  3.0600e+02  0.0000e+00
  3.0700e+02  0.0000e+00
  3.0800e+02  0.0000e+00
  3.0900e+02  0.0000e+00
  3.1000e+02  0.0000e+00
  3.1100e+02  0.0000e+00
  3.1200e+02  0.0000e+00
  3.1300e+02  0.0000e+00
  3.1400e+02  0.0000e+00
  3.1500e+02  0.0000e+00
  3.1600e+02  0.0000e+00
  3.1700e+02  0.0000e+00
  3.1800e+02  0.0000e+00
  3.1900e+02  0.0000e+00
  3.2000e+02  0.0000e+00
  3.2100e+02  0.0000e+00
  3.2200e+02  0.0000e+00
  3.2300e+02  0.0000e+00
  3.2400e+02  0.0000e+00
  3.2500e+02  0.0000e+00
  3.2600e+02  0.0000e+00
  3.2700e+02  0.0000e+00
  3.2800e+02  0.0000e+00
  3.2900e+02  0.0000e+00
  3.3000e+02  0.0000e+00
  3.3100e+02  0.0000e+00
  3.3200e+02  0.0000e+00
  3.3300e+02  0.0000e+00
  3.3400e+02  0.0000e+00
  3.3500e+02  0.0000e+00
  3.3600e+02  0.0000e+00
  3.3700e+02  0.0000e+00
  3.3800e+02  0.0000e+00
  3.3900e+02  0.0000e+00
  3.4000e+02  0.0000e+00
  3.4100e+02  0.0000e+00
  3.4200e+02  0.0000e+00
  3.4300e+02  0.0000e+00
  3.4400e+02  0.0000e+00
  3.4500e+02  0.0000e+00
  3.4600e+02  0.0000e+00
  3.4700e+02  0.0000e+00
  3.4800e+02  0.0000e+00
  3.4900e+02  0.0000e+00
  3.5000e+02  0.0000e+00
  3.5100e+02  0.0000e+00
  3.5200e+02  0.0000e+00
  3.5300e+02  0.0000e+00
  3.5400e+02  0.0000e+00
  3.5500e+02  0.0000e+00
  3.5600e+02  0.0000e+00
  3.5700e+02  0.0000e+00
  3.5800e+02  0.0000e+00
  3.5900e+02  0.0000e+00
  3.6000e+02  0.0000e+00
  3.6100e+02  0.0000e+00
  3.6200e+02  0.0000e+00
  3.6300e+02  0.0000e+00
  3.6400e+02  0.0000e+00
  3.6500e+02  0.0000e+00
  3.6600e+02  0.0000e+00
  3.6700e+02  0.0000e+00
  3.6800e+02  0.0000e+00
  3.6900e+02  0.0000e+00
  3.7000e+02  0.0000e+00
  3.7100e+02  0.0000e+00
  3.7200e+02  0.0000e+00
  3.7300e+02  0.0000e+00
  3.7400e+02  0.0000e+00
  3.7500e+02  0.0000e+00
  3.7600e+02  0.0000e+00
  3.7700e+02  0.0000e+00
  3.7800e+02  0.0000e+00
  3.7900e+02  0.0000e+00
  3.8000e+02  0.0000e+00
  3.8100e+02  0.0000e+00
  3.8200e+02  0.0000e+00
  3.8300e+02  0.0000e+00
  3.8400e+02  0.0000e+00
  3.8500e+02  0.0000e+00
  3.8600e+02  0.0000e+00
  3.8700e+02  0.0000e+00
  3.8800e+02  0.0000e+00
  3.8900e+02  0.0000e+00
  3.9000e+02  0.0000e+00
  3.9100e+02  0.0000e+00
  3.9200e+02  0.0000e+00
  3.9300e+02  0.0000e+00
  3.9400e+02  0.0000e+00
  3.9500e+02  0.0000e+00
  3.9600e+02  0.0000e+00
  3.9700e+02  0.0000e+00
  3.9800e+02  0.0000e+00
  3.9900e+02  0.0000e+00
