 -4.9500e+00  2.6224e+04
 -4.8500e+00  2.6767e+04
 -4.7500e+00  2.7002e+04
 -4.6500e+00  2.7589e+04
 -4.5500e+00  2.7586e+04
 -4.4500e+00  2.7807e+04
 -4.3500e+00  2.8209e+04
 -4.2500e+00  2.8474e+04
 -4.1500e+00  2.8912e+04
 -4.0500e+00  2.8993e+04
 -3.9500e+00  2.9298e+04
 -3.8500e+00  2.9215e+04
 -3.7500e+00  2.9832e+04
 -3.6500e+00  3.0099e+04
 -3.5500e+00  3.0151e+04
 -3.4500e+00  3.0412e+04
 -3.3500e+00  3.0481e+04
 -3.2500e+00  3.0791e+04
 -3.1500e+00  3.0978e+04
 -3.0500e+00  3.0975e+04
 -2.9500e+00  3.1100e+04
 -2.8500e+00  3.1324e+04
 -2.7500e+00  3.1217e+04
 -2.6500e+00  3.1503e+04
 -2.5500e+00  3.1107e+04
 -2.4500e+00  3.1091e+04
 -2.3500e+00  3.0894e+04
 -2.2500e+00  3.1101e+04
 -2.1500e+00  3.0967e+04
 -2.0500e+00  3.1031e+04
 -1.9500e+00  3.0773e+04
 -1.8500e+00  3.0375e+04
 -1.7500e+00  2.9842e+04
 -1.6500e+00  2.9834e+04
 -1.5500e+00  2.9092e+04
 -1.4500e+00  2.8736e+04
 -1.3500e+00  2.8573e+04
 -1.2500e+00  2.8092e+04
 -1.1500e+00  2.7594e+04
 -1.0500e+00  2.7175e+04
 -9.5000e-01  2.6680e+04
 -8.5000e-01  2.5972e+04
 -7.5000e-01  2.5652e+04
 -6.5000e-01  2.4941e+04
 -5.5000e-01  2.4807e+04
 -4.5000e-01  2.4107e+04
 -3.5000e-01  2.4003e+04
 -2.5000e-01  2.3925e+04
 -1.5000e-01  2.3584e+04
 -5.0000e-02  2.3695e+04
  5.0000e-02  2.3467e+04
  1.5000e-01  2.3634e+04
  2.5000e-01  2.3749e+04
  3.5000e-01  2.4286e+04
  4.5000e-01  2.4335e+04
  5.5000e-01  2.4850e+04
  6.5000e-01  2.5202e+04
  7.5000e-01  2.5559e+04
  8.5000e-01  2.6372e+04
  9.5000e-01  2.6785e+04
  1.0500e+00  2.7280e+04
  1.1500e+00  2.7236e+04
  1.2500e+00  2.8235e+04
  1.3500e+00  2.8733e+04
  1.4500e+00  2.9194e+04
  1.5500e+00  2.9376e+04
  1.6500e+00  3.0010e+04
  1.7500e+00  3.0273e+04
  1.8500e+00  3.0380e+04
  1.9500e+00  3.0622e+04
  2.0500e+00  3.0805e+04
  2.1500e+00  3.0830e+04
  2.2500e+00  3.0908e+04
  2.3500e+00  3.0954e+04
  2.4500e+00  3.1042e+04
  2.5500e+00  3.1378e+04
  2.6500e+00  3.1368e+04
  2.7500e+00  3.1400e+04
  2.8500e+00  3.1218e+04
  2.9500e+00  3.1105e+04
  3.0500e+00  3.0890e+04
  3.1500e+00  3.0921e+04
  3.2500e+00  3.0649e+04
  3.3500e+00  3.0319e+04
  3.4500e+00  3.0225e+04
  3.5500e+00  3.0249e+04
  3.6500e+00  3.0275e+04
  3.7500e+00  3.0046e+04
  3.8500e+00  2.9585e+04
  3.9500e+00  2.9346e+04
  4.0500e+00  2.9008e+04
  4.1500e+00  2.8845e+04
  4.2500e+00  2.8506e+04
  4.3500e+00  2.8201e+04
  4.4500e+00  2.7652e+04
  4.5500e+00  2.7493e+04
  4.6500e+00  2.7358e+04
  4.7500e+00  2.7416e+04
  4.8500e+00  2.6800e+04
  4.9500e+00  2.6208e+04
