  0.0000e+00  2.7964e+05
  1.0000e+00  7.6020e+03
  2.0000e+00  5.8730e+03
  3.0000e+00  5.3140e+03
  4.0000e+00  5.4150e+03
  5.0000e+00  5.5800e+03
  6.0000e+00  5.9860e+03
  7.0000e+00  6.4840e+03
  8.0000e+00  7.0570e+03
  9.0000e+00  7.5410e+03
  1.0000e+01  8.4080e+03
  1.1000e+01  9.6250e+03
  1.2000e+01  1.0851e+04
  1.3000e+01  1.2169e+04
  1.4000e+01  1.4102e+04
  1.5000e+01  1.6143e+04
  1.6000e+01  1.8336e+04
  1.7000e+01  1.9886e+04
  1.8000e+01  2.1466e+04
  1.9000e+01  2.2319e+04
  2.0000e+01  2.2664e+04
  2.1000e+01  2.2102e+04
  2.2000e+01  2.1789e+04
  2.3000e+01  2.0402e+04
  2.4000e+01  1.8805e+04
  2.5000e+01  1.7460e+04
  2.6000e+01  1.5929e+04
  2.7000e+01  1.4456e+04
  2.8000e+01  1.3029e+04
  2.9000e+01  1.1945e+04
  3.0000e+01  1.0818e+04
  3.1000e+01  1.0049e+04
  3.2000e+01  9.1950e+03
  3.3000e+01  8.6890e+03
  3.4000e+01  8.1050e+03
  3.5000e+01  7.7450e+03
  3.6000e+01  7.5950e+03
  3.7000e+01  7.0830e+03
  3.8000e+01  7.0460e+03
  3.9000e+01  6.7640e+03
  4.0000e+01  6.7060e+03
  4.1000e+01  6.3720e+03
  4.2000e+01  6.4180e+03
  4.3000e+01  6.2680e+03
  4.4000e+01  5.9770e+03
  4.5000e+01  5.8650e+03
  4.6000e+01  5.9080e+03
  4.7000e+01  5.5720e+03
  4.8000e+01  5.3960e+03
  4.9000e+01  5.2430e+03
  5.0000e+01  5.1860e+03
  5.1000e+01  5.1200e+03
  5.2000e+01  4.9210e+03
  5.3000e+01  4.8670e+03
  5.4000e+01  4.7910e+03
  5.5000e+01  4.4860e+03
  5.6000e+01  4.5060e+03
  5.7000e+01  4.4020e+03
  5.8000e+01  4.2800e+03
  5.9000e+01  4.2220e+03
  6.0000e+01  4.1070e+03
  6.1000e+01  4.0870e+03
  6.2000e+01  3.9580e+03
  6.3000e+01  3.8320e+03
  6.4000e+01  3.6950e+03
  6.5000e+01  3.6240e+03
  6.6000e+01  3.5090e+03
  6.7000e+01  3.4670e+03
  6.8000e+01  3.4510e+03
  6.9000e+01  3.3180e+03
  7.0000e+01  3.3490e+03
  7.1000e+01  3.1520e+03
  7.2000e+01  3.0960e+03
  7.3000e+01  3.0930e+03
  7.4000e+01  2.9300e+03
  7.5000e+01  2.9130e+03
  7.6000e+01  2.8530e+03
  7.7000e+01  2.7190e+03
  7.8000e+01  2.7020e+03
  7.9000e+01  2.6590e+03
  8.0000e+01  2.5810e+03
  8.1000e+01  2.4260e+03
  8.2000e+01  2.5550e+03
  8.3000e+01  2.3370e+03
  8.4000e+01  2.2700e+03
  8.5000e+01  2.2980e+03
  8.6000e+01  2.2640e+03
  8.7000e+01  2.1460e+03
  8.8000e+01  2.0100e+03
  8.9000e+01  2.0920e+03
  9.0000e+01  2.0080e+03
  9.1000e+01  1.9060e+03
  9.2000e+01  1.8490e+03
  9.3000e+01  1.8180e+03
  9.4000e+01  1.7680e+03
  9.5000e+01  1.7500e+03
  9.6000e+01  1.6810e+03
  9.7000e+01  1.6440e+03
  9.8000e+01  1.6640e+03
  9.9000e+01  1.5390e+03
  1.0000e+02  1.5080e+03
  1.0100e+02  1.4150e+03
  1.0200e+02  1.3780e+03
  1.0300e+02  1.2750e+03
  1.0400e+02  1.2530e+03
  1.0500e+02  1.3210e+03
  1.0600e+02  1.2250e+03
  1.0700e+02  1.2030e+03
  1.0800e+02  1.0910e+03
  1.0900e+02  1.0510e+03
  1.1000e+02  1.0030e+03
  1.1100e+02  1.0080e+03
  1.1200e+02  9.5000e+02
  1.1300e+02  9.8000e+02
  1.1400e+02  8.6000e+02
  1.1500e+02  8.4500e+02
  1.1600e+02  8.8300e+02
  1.1700e+02  8.0500e+02
  1.1800e+02  7.6100e+02
  1.1900e+02  6.9700e+02
  1.2000e+02  6.7600e+02
  1.2100e+02  6.4600e+02
  1.2200e+02  6.6000e+02
  1.2300e+02  6.0300e+02
  1.2400e+02  5.9000e+02
  1.2500e+02  5.3700e+02
  1.2600e+02  5.4600e+02
  1.2700e+02  4.9700e+02
  1.2800e+02  5.3000e+02
  1.2900e+02  4.7100e+02
  1.3000e+02  4.3500e+02
  1.3100e+02  4.0400e+02
  1.3200e+02  4.1300e+02
  1.3300e+02  3.5800e+02
  1.3400e+02  3.5000e+02
  1.3500e+02  3.7900e+02
  1.3600e+02  3.4900e+02
  1.3700e+02  2.9900e+02
  1.3800e+02  2.8300e+02
  1.3900e+02  2.6300e+02
  1.4000e+02  2.4200e+02
  1.4100e+02  2.3000e+02
  1.4200e+02  2.4300e+02
  1.4300e+02  2.1600e+02
  1.4400e+02  2.3500e+02
  1.4500e+02  1.7900e+02
  1.4600e+02  1.7800e+02
  1.4700e+02  1.6800e+02
  1.4800e+02  1.6000e+02
  1.4900e+02  1.5700e+02
  1.5000e+02  1.3600e+02
  1.5100e+02  1.4800e+02
  1.5200e+02  1.2600e+02
  1.5300e+02  1.1600e+02
  1.5400e+02  1.1700e+02
  1.5500e+02  9.8000e+01
  1.5600e+02  1.0000e+02
  1.5700e+02  9.1000e+01
  1.5800e+02  8.4000e+01
  1.5900e+02  7.7000e+01
  1.6000e+02  6.2000e+01
  1.6100e+02  7.2000e+01
  1.6200e+02  6.3000e+01
  1.6300e+02  7.1000e+01
  1.6400e+02  5.4000e+01
  1.6500e+02  5.3000e+01
  1.6600e+02  4.7000e+01
  1.6700e+02  4.9000e+01
  1.6800e+02  4.5000e+01
  1.6900e+02  3.7000e+01
  1.7000e+02  3.6000e+01
  1.7100e+02  4.6000e+01
  1.7200e+02  4.1000e+01
  1.7300e+02  2.9000e+01
  1.7400e+02  2.5000e+01
  1.7500e+02  1.8000e+01
  1.7600e+02  1.8000e+01
  1.7700e+02  5.0000e+00
  1.7800e+02  2.1000e+01
  1.7900e+02  1.5000e+01
  1.8000e+02  2.1000e+01
  1.8100e+02  1.3000e+01
  1.8200e+02  9.0000e+00
  1.8300e+02  1.7000e+01
  1.8400e+02  1.0000e+01
  1.8500e+02  1.0000e+01
  1.8600e+02  6.0000e+00
  1.8700e+02  1.2000e+01
  1.8800e+02  7.0000e+00
  1.8900e+02  1.2000e+01
  1.9000e+02  7.0000e+00
  1.9100e+02  1.0000e+01
  1.9200e+02  6.0000e+00
  1.9300e+02  3.0000e+00
  1.9400e+02  2.0000e+00
  1.9500e+02  3.0000e+00
  1.9600e+02  8.0000e+00
  1.9700e+02  4.0000e+00
  1.9800e+02  3.0000e+00
  1.9900e+02  4.0000e+00
  2.0000e+02  4.0000e+00
  2.0100e+02  3.0000e+00
  2.0200e+02  4.0000e+00
  2.0300e+02  1.0000e+00
  2.0400e+02  2.0000e+00
  2.0500e+02  1.0000e+00
  2.0600e+02  2.0000e+00
  2.0700e+02  0.0000e+00
  2.0800e+02  0.0000e+00
  2.0900e+02  1.0000e+00
  2.1000e+02  0.0000e+00
  2.1100e+02  1.0000e+00
  2.1200e+02  1.0000e+00
  2.1300e+02  1.0000e+00
  2.1400e+02  1.0000e+00
  2.1500e+02  1.0000e+00
  2.1600e+02  0.0000e+00
  2.1700e+02  2.0000e+00
  2.1800e+02  0.0000e+00
  2.1900e+02  0.0000e+00
  2.2000e+02  0.0000e+00
  2.2100e+02  1.0000e+00
  2.2200e+02  0.0000e+00
  2.2300e+02  0.0000e+00
  2.2400e+02  0.0000e+00
  2.2500e+02  0.0000e+00
  2.2600e+02  0.0000e+00
  2.2700e+02  0.0000e+00
  2.2800e+02  0.0000e+00
  2.2900e+02  0.0000e+00
  2.3000e+02  0.0000e+00
  2.3100e+02  0.0000e+00
  2.3200e+02  0.0000e+00
  2.3300e+02  1.0000e+00
  2.3400e+02  0.0000e+00
  2.3500e+02  0.0000e+00
  2.3600e+02  0.0000e+00
  2.3700e+02  0.0000e+00
  2.3800e+02  0.0000e+00
  2.3900e+02  0.0000e+00
  2.4000e+02  0.0000e+00
  2.4100e+02  0.0000e+00
  2.4200e+02  0.0000e+00
  2.4300e+02  0.0000e+00
  2.4400e+02  0.0000e+00
  2.4500e+02  0.0000e+00
  2.4600e+02  0.0000e+00
  2.4700e+02  0.0000e+00
  2.4800e+02  0.0000e+00
  2.4900e+02  0.0000e+00
  2.5000e+02  0.0000e+00
  2.5100e+02  0.0000e+00
  2.5200e+02  0.0000e+00
  2.5300e+02  0.0000e+00
  2.5400e+02  0.0000e+00
  2.5500e+02  0.0000e+00
  2.5600e+02  0.0000e+00
  2.5700e+02  0.0000e+00
  2.5800e+02  0.0000e+00
  2.5900e+02  0.0000e+00
  2.6000e+02  0.0000e+00
  2.6100e+02  0.0000e+00
  2.6200e+02  0.0000e+00
  2.6300e+02  0.0000e+00
  2.6400e+02  0.0000e+00
  2.6500e+02  0.0000e+00
  2.6600e+02  0.0000e+00
  2.6700e+02  0.0000e+00
  2.6800e+02  0.0000e+00
  2.6900e+02  0.0000e+00
  2.7000e+02  0.0000e+00
  2.7100e+02  0.0000e+00
  2.7200e+02  0.0000e+00
  2.7300e+02  0.0000e+00
  2.7400e+02  0.0000e+00
  2.7500e+02  0.0000e+00
  2.7600e+02  0.0000e+00
  2.7700e+02  0.0000e+00
  2.7800e+02  0.0000e+00
  2.7900e+02  0.0000e+00
  2.8000e+02  0.0000e+00
  2.8100e+02  0.0000e+00
  2.8200e+02  0.0000e+00
  2.8300e+02  0.0000e+00
  2.8400e+02  0.0000e+00
  2.8500e+02  0.0000e+00
  2.8600e+02  0.0000e+00
  2.8700e+02  0.0000e+00
  2.8800e+02  0.0000e+00
  2.8900e+02  0.0000e+00
  2.9000e+02  0.0000e+00
  2.9100e+02  0.0000e+00
  2.9200e+02  0.0000e+00
  2.9300e+02  0.0000e+00
  2.9400e+02  0.0000e+00
  2.9500e+02  0.0000e+00
  2.9600e+02  0.0000e+00
  2.9700e+02  0.0000e+00
  2.9800e+02  0.0000e+00
  2.9900e+02  0.0000e+00
  3.0000e+02  0.0000e+00
  3.0100e+02  0.0000e+00
  3.0200e+02  0.0000e+00
  3.0300e+02  0.0000e+00
  3.0400e+02  0.0000e+00
  3.0500e+02  0.0000e+00
  3.0600e+02  0.0000e+00
  3.0700e+02  0.0000e+00
  3.0800e+02  0.0000e+00
  3.0900e+02  0.0000e+00
  3.1000e+02  0.0000e+00
  3.1100e+02  0.0000e+00
  3.1200e+02  0.0000e+00
  3.1300e+02  0.0000e+00
  3.1400e+02  0.0000e+00
  3.1500e+02  0.0000e+00
  3.1600e+02  0.0000e+00
  3.1700e+02  0.0000e+00
  3.1800e+02  0.0000e+00
  3.1900e+02  0.0000e+00
  3.2000e+02  0.0000e+00
  3.2100e+02  0.0000e+00
  3.2200e+02  0.0000e+00
  3.2300e+02  0.0000e+00
  3.2400e+02  0.0000e+00
  3.2500e+02  0.0000e+00
  3.2600e+02  0.0000e+00
  3.2700e+02  0.0000e+00
  3.2800e+02  0.0000e+00
  3.2900e+02  0.0000e+00
  3.3000e+02  0.0000e+00
  3.3100e+02  0.0000e+00
  3.3200e+02  0.0000e+00
  3.3300e+02  0.0000e+00
  3.3400e+02  0.0000e+00
  3.3500e+02  0.0000e+00
  3.3600e+02  0.0000e+00
  3.3700e+02  0.0000e+00
  3.3800e+02  0.0000e+00
  3.3900e+02  0.0000e+00
  3.4000e+02  0.0000e+00
  3.4100e+02  0.0000e+00
  3.4200e+02  0.0000e+00
  3.4300e+02  0.0000e+00
  3.4400e+02  0.0000e+00
  3.4500e+02  0.0000e+00
  3.4600e+02  0.0000e+00
  3.4700e+02  0.0000e+00
  3.4800e+02  0.0000e+00
  3.4900e+02  0.0000e+00
  3.5000e+02  0.0000e+00
  3.5100e+02  0.0000e+00
  3.5200e+02  0.0000e+00
  3.5300e+02  0.0000e+00
  3.5400e+02  0.0000e+00
  3.5500e+02  0.0000e+00
  3.5600e+02  0.0000e+00
  3.5700e+02  0.0000e+00
  3.5800e+02  0.0000e+00
  3.5900e+02  0.0000e+00
  3.6000e+02  0.0000e+00
  3.6100e+02  0.0000e+00
  3.6200e+02  0.0000e+00
  3.6300e+02  0.0000e+00
  3.6400e+02  0.0000e+00
  3.6500e+02  0.0000e+00
  3.6600e+02  0.0000e+00
  3.6700e+02  0.0000e+00
  3.6800e+02  0.0000e+00
  3.6900e+02  0.0000e+00
  3.7000e+02  0.0000e+00
  3.7100e+02  0.0000e+00
  3.7200e+02  0.0000e+00
  3.7300e+02  0.0000e+00
  3.7400e+02  0.0000e+00
  3.7500e+02  0.0000e+00
  3.7600e+02  0.0000e+00
  3.7700e+02  0.0000e+00
  3.7800e+02  0.0000e+00
  3.7900e+02  0.0000e+00
  3.8000e+02  0.0000e+00
  3.8100e+02  0.0000e+00
  3.8200e+02  0.0000e+00
  3.8300e+02  0.0000e+00
  3.8400e+02  0.0000e+00
  3.8500e+02  0.0000e+00
  3.8600e+02  0.0000e+00
  3.8700e+02  0.0000e+00
  3.8800e+02  0.0000e+00
  3.8900e+02  0.0000e+00
  3.9000e+02  0.0000e+00
  3.9100e+02  0.0000e+00
  3.9200e+02  0.0000e+00
  3.9300e+02  0.0000e+00
  3.9400e+02  0.0000e+00
  3.9500e+02  0.0000e+00
  3.9600e+02  0.0000e+00
  3.9700e+02  0.0000e+00
  3.9800e+02  0.0000e+00
  3.9900e+02  0.0000e+00
