 -4.9500e+00  2.1874e+04
 -4.8500e+00  2.2366e+04
 -4.7500e+00  2.1928e+04
 -4.6500e+00  2.2460e+04
 -4.5500e+00  2.2296e+04
 -4.4500e+00  2.2578e+04
 -4.3500e+00  2.1909e+04
 -4.2500e+00  2.2261e+04
 -4.1500e+00  2.2050e+04
 -4.0500e+00  2.2318e+04
 -3.9500e+00  2.2129e+04
 -3.8500e+00  2.2558e+04
 -3.7500e+00  2.2279e+04
 -3.6500e+00  2.2201e+04
 -3.5500e+00  2.2160e+04
 -3.4500e+00  2.2119e+04
 -3.3500e+00  2.2092e+04
 -3.2500e+00  2.2080e+04
 -3.1500e+00  2.2249e+04
 -3.0500e+00  2.2180e+04
 -2.9500e+00  2.1978e+04
 -2.8500e+00  2.1738e+04
 -2.7500e+00  2.2078e+04
 -2.6500e+00  2.1581e+04
 -2.5500e+00  2.1828e+04
 -2.4500e+00  2.1207e+04
 -2.3500e+00  2.1226e+04
 -2.2500e+00  2.0950e+04
 -2.1500e+00  2.0756e+04
 -2.0500e+00  2.0493e+04
 -1.9500e+00  2.0211e+04
 -1.8500e+00  1.9945e+04
 -1.7500e+00  1.9429e+04
 -1.6500e+00  1.9006e+04
 -1.5500e+00  1.8747e+04
 -1.4500e+00  1.8257e+04
 -1.3500e+00  1.7958e+04
 -1.2500e+00  1.7408e+04
 -1.1500e+00  1.6850e+04
 -1.0500e+00  1.6658e+04
 -9.5000e-01  1.6155e+04
 -8.5000e-01  1.5487e+04
 -7.5000e-01  1.5264e+04
 -6.5000e-01  1.4530e+04
 -5.5000e-01  1.4454e+04
 -4.5000e-01  1.4142e+04
 -3.5000e-01  1.3717e+04
 -2.5000e-01  1.3448e+04
 -1.5000e-01  1.3354e+04
 -5.0000e-02  1.3443e+04
  5.0000e-02  1.3359e+04
  1.5000e-01  1.3225e+04
  2.5000e-01  1.3658e+04
  3.5000e-01  1.3801e+04
  4.5000e-01  1.4020e+04
  5.5000e-01  1.4131e+04
  6.5000e-01  1.4584e+04
  7.5000e-01  1.5309e+04
  8.5000e-01  1.5450e+04
  9.5000e-01  1.5925e+04
  1.0500e+00  1.6481e+04
  1.1500e+00  1.6649e+04
  1.2500e+00  1.7709e+04
  1.3500e+00  1.7874e+04
  1.4500e+00  1.8382e+04
  1.5500e+00  1.8756e+04
  1.6500e+00  1.9413e+04
  1.7500e+00  1.9624e+04
  1.8500e+00  1.9945e+04
  1.9500e+00  1.9932e+04
  2.0500e+00  2.0279e+04
  2.1500e+00  2.0612e+04
  2.2500e+00  2.1078e+04
  2.3500e+00  2.1380e+04
  2.4500e+00  2.1467e+04
  2.5500e+00  2.1491e+04
  2.6500e+00  2.1565e+04
  2.7500e+00  2.1677e+04
  2.8500e+00  2.1763e+04
  2.9500e+00  2.2001e+04
  3.0500e+00  2.2049e+04
  3.1500e+00  2.2336e+04
  3.2500e+00  2.2342e+04
  3.3500e+00  2.2182e+04
  3.4500e+00  2.2406e+04
  3.5500e+00  2.2376e+04
  3.6500e+00  2.2423e+04
  3.7500e+00  2.2275e+04
  3.8500e+00  2.2322e+04
  3.9500e+00  2.2163e+04
  4.0500e+00  2.2271e+04
  4.1500e+00  2.2380e+04
  4.2500e+00  2.2435e+04
  4.3500e+00  2.2432e+04
  4.4500e+00  2.2151e+04
  4.5500e+00  2.2185e+04
  4.6500e+00  2.2061e+04
  4.7500e+00  2.2033e+04
  4.8500e+00  2.2143e+04
  4.9500e+00  2.2093e+04
