  5.0000e-02  9.0911e+05
  1.5000e-01  2.3577e+06
  2.5000e-01  2.6922e+06
  3.5000e-01  2.3653e+06
  4.5000e-01  1.8249e+06
  5.5000e-01  1.2917e+06
  6.5000e-01  8.4820e+05
  7.5000e-01  5.2528e+05
  8.5000e-01  3.1209e+05
  9.5000e-01  1.8146e+05
  1.0500e+00  1.0739e+05
  1.1500e+00  6.5901e+04
  1.2500e+00  4.3194e+04
  1.3500e+00  2.9833e+04
  1.4500e+00  2.1285e+04
  1.5500e+00  1.5619e+04
  1.6500e+00  1.1931e+04
  1.7500e+00  9.2320e+03
  1.8500e+00  7.1240e+03
  1.9500e+00  5.5890e+03
  2.0500e+00  4.3210e+03
  2.1500e+00  3.6120e+03
  2.2500e+00  2.9210e+03
  2.3500e+00  2.3400e+03
  2.4500e+00  2.0410e+03
  2.5500e+00  1.6980e+03
  2.6500e+00  1.4450e+03
  2.7500e+00  1.2720e+03
  2.8500e+00  1.0640e+03
  2.9500e+00  9.2000e+02
  3.0500e+00  7.9100e+02
  3.1500e+00  7.1500e+02
  3.2500e+00  5.8600e+02
  3.3500e+00  5.3500e+02
  3.4500e+00  4.2800e+02
  3.5500e+00  4.0300e+02
  3.6500e+00  3.7800e+02
  3.7500e+00  3.1000e+02
  3.8500e+00  2.9200e+02
  3.9500e+00  2.6400e+02
  4.0500e+00  2.0300e+02
  4.1500e+00  1.8600e+02
  4.2500e+00  2.2500e+02
  4.3500e+00  1.5600e+02
  4.4500e+00  1.3900e+02
  4.5500e+00  1.3300e+02
  4.6500e+00  1.2500e+02
  4.7500e+00  9.9000e+01
  4.8500e+00  1.0600e+02
  4.9500e+00  1.0700e+02
  5.0500e+00  8.9000e+01
  5.1500e+00  9.4000e+01
  5.2500e+00  6.4000e+01
  5.3500e+00  6.0000e+01
  5.4500e+00  8.7000e+01
  5.5500e+00  5.7000e+01
  5.6500e+00  5.1000e+01
  5.7500e+00  3.8000e+01
  5.8500e+00  4.9000e+01
  5.9500e+00  3.6000e+01
  6.0500e+00  4.4000e+01
  6.1500e+00  3.4000e+01
  6.2500e+00  2.7000e+01
  6.3500e+00  2.6000e+01
  6.4500e+00  2.8000e+01
  6.5500e+00  3.1000e+01
  6.6500e+00  3.3000e+01
  6.7500e+00  3.0000e+01
  6.8500e+00  1.8000e+01
  6.9500e+00  1.9000e+01
  7.0500e+00  2.8000e+01
  7.1500e+00  1.9000e+01
  7.2500e+00  1.2000e+01
  7.3500e+00  1.9000e+01
  7.4500e+00  1.3000e+01
  7.5500e+00  1.3000e+01
  7.6500e+00  1.5000e+01
  7.7500e+00  1.7000e+01
  7.8500e+00  1.1000e+01
  7.9500e+00  1.6000e+01
  8.0500e+00  1.4000e+01
  8.1500e+00  8.0000e+00
  8.2500e+00  7.0000e+00
  8.3500e+00  9.0000e+00
  8.4500e+00  7.0000e+00
  8.5500e+00  4.0000e+00
  8.6500e+00  9.0000e+00
  8.7500e+00  7.0000e+00
  8.8500e+00  1.0000e+01
  8.9500e+00  4.0000e+00
  9.0500e+00  3.0000e+00
  9.1500e+00  1.0000e+01
  9.2500e+00  6.0000e+00
  9.3500e+00  2.0000e+00
  9.4500e+00  1.0000e+01
  9.5500e+00  8.0000e+00
  9.6500e+00  2.0000e+00
  9.7500e+00  4.0000e+00
  9.8500e+00  7.0000e+00
  9.9500e+00  3.0000e+00
  1.0050e+01  5.0000e+00
  1.0150e+01  1.0000e+00
  1.0250e+01  5.0000e+00
  1.0350e+01  4.0000e+00
  1.0450e+01  5.0000e+00
  1.0550e+01  5.0000e+00
  1.0650e+01  3.0000e+00
  1.0750e+01  2.0000e+00
  1.0850e+01  4.0000e+00
  1.0950e+01  2.0000e+00
  1.1050e+01  5.0000e+00
  1.1150e+01  4.0000e+00
  1.1250e+01  4.0000e+00
  1.1350e+01  1.0000e+00
  1.1450e+01  1.0000e+00
  1.1550e+01  1.0000e+00
  1.1650e+01  2.0000e+00
  1.1750e+01  1.0000e+00
  1.1850e+01  2.0000e+00
  1.1950e+01  2.0000e+00
  1.2050e+01  3.0000e+00
  1.2150e+01  2.0000e+00
  1.2250e+01  3.0000e+00
  1.2350e+01  1.0000e+00
  1.2450e+01  3.0000e+00
  1.2550e+01  0.0000e+00
  1.2650e+01  4.0000e+00
  1.2750e+01  1.0000e+00
  1.2850e+01  1.0000e+00
  1.2950e+01  3.0000e+00
  1.3050e+01  5.0000e+00
  1.3150e+01  2.0000e+00
  1.3250e+01  1.0000e+00
  1.3350e+01  2.0000e+00
  1.3450e+01  2.0000e+00
  1.3550e+01  3.0000e+00
  1.3650e+01  0.0000e+00
  1.3750e+01  2.0000e+00
  1.3850e+01  1.0000e+00
  1.3950e+01  0.0000e+00
  1.4050e+01  0.0000e+00
  1.4150e+01  2.0000e+00
  1.4250e+01  0.0000e+00
  1.4350e+01  1.0000e+00
  1.4450e+01  0.0000e+00
  1.4550e+01  0.0000e+00
  1.4650e+01  1.0000e+00
  1.4750e+01  2.0000e+00
  1.4850e+01  0.0000e+00
  1.4950e+01  1.0000e+00
  1.5050e+01  0.0000e+00
  1.5150e+01  1.0000e+00
  1.5250e+01  0.0000e+00
  1.5350e+01  0.0000e+00
  1.5450e+01  0.0000e+00
  1.5550e+01  0.0000e+00
  1.5650e+01  1.0000e+00
  1.5750e+01  1.0000e+00
  1.5850e+01  0.0000e+00
  1.5950e+01  0.0000e+00
  1.6050e+01  0.0000e+00
  1.6150e+01  1.0000e+00
  1.6250e+01  1.0000e+00
  1.6350e+01  2.0000e+00
  1.6450e+01  0.0000e+00
  1.6550e+01  2.0000e+00
  1.6650e+01  1.0000e+00
  1.6750e+01  1.0000e+00
  1.6850e+01  1.0000e+00
  1.6950e+01  0.0000e+00
  1.7050e+01  0.0000e+00
  1.7150e+01  0.0000e+00
  1.7250e+01  1.0000e+00
  1.7350e+01  0.0000e+00
  1.7450e+01  0.0000e+00
  1.7550e+01  0.0000e+00
  1.7650e+01  0.0000e+00
  1.7750e+01  0.0000e+00
  1.7850e+01  1.0000e+00
  1.7950e+01  0.0000e+00
  1.8050e+01  1.0000e+00
  1.8150e+01  0.0000e+00
  1.8250e+01  0.0000e+00
  1.8350e+01  1.0000e+00
  1.8450e+01  0.0000e+00
  1.8550e+01  1.0000e+00
  1.8650e+01  0.0000e+00
  1.8750e+01  3.0000e+00
  1.8850e+01  0.0000e+00
  1.8950e+01  1.0000e+00
  1.9050e+01  0.0000e+00
  1.9150e+01  0.0000e+00
  1.9250e+01  0.0000e+00
  1.9350e+01  0.0000e+00
  1.9450e+01  0.0000e+00
  1.9550e+01  0.0000e+00
  1.9650e+01  0.0000e+00
  1.9750e+01  0.0000e+00
  1.9850e+01  0.0000e+00
  1.9950e+01  0.0000e+00
  2.0050e+01  0.0000e+00
  2.0150e+01  0.0000e+00
  2.0250e+01  0.0000e+00
  2.0350e+01  0.0000e+00
  2.0450e+01  0.0000e+00
  2.0550e+01  0.0000e+00
  2.0650e+01  1.0000e+00
  2.0750e+01  0.0000e+00
  2.0850e+01  0.0000e+00
  2.0950e+01  0.0000e+00
  2.1050e+01  0.0000e+00
  2.1150e+01  0.0000e+00
  2.1250e+01  0.0000e+00
  2.1350e+01  0.0000e+00
  2.1450e+01  1.0000e+00
  2.1550e+01  0.0000e+00
  2.1650e+01  1.0000e+00
  2.1750e+01  0.0000e+00
  2.1850e+01  0.0000e+00
  2.1950e+01  2.0000e+00
  2.2050e+01  0.0000e+00
  2.2150e+01  0.0000e+00
  2.2250e+01  1.0000e+00
  2.2350e+01  0.0000e+00
  2.2450e+01  0.0000e+00
  2.2550e+01  0.0000e+00
  2.2650e+01  0.0000e+00
  2.2750e+01  0.0000e+00
  2.2850e+01  0.0000e+00
  2.2950e+01  0.0000e+00
  2.3050e+01  0.0000e+00
  2.3150e+01  0.0000e+00
  2.3250e+01  0.0000e+00
  2.3350e+01  0.0000e+00
  2.3450e+01  0.0000e+00
  2.3550e+01  0.0000e+00
  2.3650e+01  0.0000e+00
  2.3750e+01  0.0000e+00
  2.3850e+01  0.0000e+00
  2.3950e+01  0.0000e+00
  2.4050e+01  0.0000e+00
  2.4150e+01  0.0000e+00
  2.4250e+01  0.0000e+00
  2.4350e+01  0.0000e+00
  2.4450e+01  0.0000e+00
  2.4550e+01  0.0000e+00
  2.4650e+01  0.0000e+00
  2.4750e+01  0.0000e+00
  2.4850e+01  1.0000e+00
  2.4950e+01  0.0000e+00
  2.5050e+01  0.0000e+00
  2.5150e+01  0.0000e+00
  2.5250e+01  0.0000e+00
  2.5350e+01  0.0000e+00
  2.5450e+01  0.0000e+00
  2.5550e+01  0.0000e+00
  2.5650e+01  0.0000e+00
  2.5750e+01  0.0000e+00
  2.5850e+01  0.0000e+00
  2.5950e+01  0.0000e+00
  2.6050e+01  0.0000e+00
  2.6150e+01  0.0000e+00
  2.6250e+01  0.0000e+00
  2.6350e+01  0.0000e+00
  2.6450e+01  0.0000e+00
  2.6550e+01  0.0000e+00
  2.6650e+01  0.0000e+00
  2.6750e+01  0.0000e+00
  2.6850e+01  0.0000e+00
  2.6950e+01  0.0000e+00
  2.7050e+01  0.0000e+00
  2.7150e+01  0.0000e+00
  2.7250e+01  0.0000e+00
  2.7350e+01  0.0000e+00
  2.7450e+01  0.0000e+00
  2.7550e+01  1.0000e+00
  2.7650e+01  0.0000e+00
  2.7750e+01  0.0000e+00
  2.7850e+01  0.0000e+00
  2.7950e+01  0.0000e+00
  2.8050e+01  0.0000e+00
  2.8150e+01  0.0000e+00
  2.8250e+01  0.0000e+00
  2.8350e+01  0.0000e+00
  2.8450e+01  0.0000e+00
  2.8550e+01  0.0000e+00
  2.8650e+01  0.0000e+00
  2.8750e+01  0.0000e+00
  2.8850e+01  0.0000e+00
  2.8950e+01  0.0000e+00
  2.9050e+01  0.0000e+00
  2.9150e+01  0.0000e+00
  2.9250e+01  0.0000e+00
  2.9350e+01  0.0000e+00
  2.9450e+01  0.0000e+00
  2.9550e+01  0.0000e+00
  2.9650e+01  0.0000e+00
  2.9750e+01  0.0000e+00
  2.9850e+01  0.0000e+00
  2.9950e+01  0.0000e+00
  3.0050e+01  1.0000e+00
  3.0150e+01  0.0000e+00
  3.0250e+01  0.0000e+00
  3.0350e+01  0.0000e+00
  3.0450e+01  0.0000e+00
  3.0550e+01  0.0000e+00
  3.0650e+01  0.0000e+00
  3.0750e+01  0.0000e+00
  3.0850e+01  0.0000e+00
  3.0950e+01  0.0000e+00
  3.1050e+01  0.0000e+00
  3.1150e+01  0.0000e+00
  3.1250e+01  0.0000e+00
  3.1350e+01  0.0000e+00
  3.1450e+01  0.0000e+00
  3.1550e+01  0.0000e+00
  3.1650e+01  0.0000e+00
  3.1750e+01  0.0000e+00
  3.1850e+01  0.0000e+00
  3.1950e+01  0.0000e+00
  3.2050e+01  0.0000e+00
  3.2150e+01  0.0000e+00
  3.2250e+01  0.0000e+00
  3.2350e+01  0.0000e+00
  3.2450e+01  0.0000e+00
  3.2550e+01  0.0000e+00
  3.2650e+01  0.0000e+00
  3.2750e+01  0.0000e+00
  3.2850e+01  0.0000e+00
  3.2950e+01  0.0000e+00
  3.3050e+01  0.0000e+00
  3.3150e+01  0.0000e+00
  3.3250e+01  0.0000e+00
  3.3350e+01  0.0000e+00
  3.3450e+01  1.0000e+00
  3.3550e+01  0.0000e+00
  3.3650e+01  0.0000e+00
  3.3750e+01  0.0000e+00
  3.3850e+01  0.0000e+00
  3.3950e+01  0.0000e+00
  3.4050e+01  0.0000e+00
  3.4150e+01  0.0000e+00
  3.4250e+01  0.0000e+00
  3.4350e+01  0.0000e+00
  3.4450e+01  0.0000e+00
  3.4550e+01  0.0000e+00
  3.4650e+01  0.0000e+00
  3.4750e+01  0.0000e+00
  3.4850e+01  0.0000e+00
  3.4950e+01  0.0000e+00
  3.5050e+01  0.0000e+00
  3.5150e+01  0.0000e+00
  3.5250e+01  0.0000e+00
  3.5350e+01  0.0000e+00
  3.5450e+01  0.0000e+00
  3.5550e+01  0.0000e+00
  3.5650e+01  0.0000e+00
  3.5750e+01  0.0000e+00
  3.5850e+01  0.0000e+00
  3.5950e+01  0.0000e+00
  3.6050e+01  0.0000e+00
  3.6150e+01  0.0000e+00
  3.6250e+01  0.0000e+00
  3.6350e+01  0.0000e+00
  3.6450e+01  0.0000e+00
  3.6550e+01  0.0000e+00
  3.6650e+01  0.0000e+00
  3.6750e+01  0.0000e+00
  3.6850e+01  0.0000e+00
  3.6950e+01  0.0000e+00
  3.7050e+01  0.0000e+00
  3.7150e+01  0.0000e+00
  3.7250e+01  0.0000e+00
  3.7350e+01  0.0000e+00
  3.7450e+01  0.0000e+00
  3.7550e+01  0.0000e+00
  3.7650e+01  0.0000e+00
  3.7750e+01  0.0000e+00
  3.7850e+01  0.0000e+00
  3.7950e+01  0.0000e+00
  3.8050e+01  0.0000e+00
  3.8150e+01  0.0000e+00
  3.8250e+01  0.0000e+00
  3.8350e+01  0.0000e+00
  3.8450e+01  0.0000e+00
  3.8550e+01  0.0000e+00
  3.8650e+01  0.0000e+00
  3.8750e+01  0.0000e+00
  3.8850e+01  0.0000e+00
  3.8950e+01  0.0000e+00
  3.9050e+01  0.0000e+00
  3.9150e+01  0.0000e+00
  3.9250e+01  0.0000e+00
  3.9350e+01  0.0000e+00
  3.9450e+01  0.0000e+00
  3.9550e+01  0.0000e+00
  3.9650e+01  0.0000e+00
  3.9750e+01  0.0000e+00
  3.9850e+01  0.0000e+00
  3.9950e+01  0.0000e+00
  4.0050e+01  0.0000e+00
  4.0150e+01  0.0000e+00
  4.0250e+01  0.0000e+00
  4.0350e+01  0.0000e+00
  4.0450e+01  0.0000e+00
  4.0550e+01  0.0000e+00
  4.0650e+01  0.0000e+00
  4.0750e+01  0.0000e+00
  4.0850e+01  0.0000e+00
  4.0950e+01  0.0000e+00
  4.1050e+01  0.0000e+00
  4.1150e+01  0.0000e+00
  4.1250e+01  0.0000e+00
  4.1350e+01  0.0000e+00
  4.1450e+01  0.0000e+00
  4.1550e+01  0.0000e+00
  4.1650e+01  0.0000e+00
  4.1750e+01  0.0000e+00
  4.1850e+01  0.0000e+00
  4.1950e+01  0.0000e+00
  4.2050e+01  0.0000e+00
  4.2150e+01  0.0000e+00
  4.2250e+01  0.0000e+00
  4.2350e+01  0.0000e+00
  4.2450e+01  0.0000e+00
  4.2550e+01  0.0000e+00
  4.2650e+01  0.0000e+00
  4.2750e+01  0.0000e+00
  4.2850e+01  0.0000e+00
  4.2950e+01  0.0000e+00
  4.3050e+01  0.0000e+00
  4.3150e+01  0.0000e+00
  4.3250e+01  0.0000e+00
  4.3350e+01  0.0000e+00
  4.3450e+01  0.0000e+00
  4.3550e+01  0.0000e+00
  4.3650e+01  0.0000e+00
  4.3750e+01  0.0000e+00
  4.3850e+01  0.0000e+00
  4.3950e+01  0.0000e+00
  4.4050e+01  0.0000e+00
  4.4150e+01  0.0000e+00
  4.4250e+01  0.0000e+00
  4.4350e+01  0.0000e+00
  4.4450e+01  0.0000e+00
  4.4550e+01  0.0000e+00
  4.4650e+01  0.0000e+00
  4.4750e+01  0.0000e+00
  4.4850e+01  0.0000e+00
  4.4950e+01  0.0000e+00
  4.5050e+01  0.0000e+00
  4.5150e+01  0.0000e+00
  4.5250e+01  0.0000e+00
  4.5350e+01  0.0000e+00
  4.5450e+01  0.0000e+00
  4.5550e+01  0.0000e+00
  4.5650e+01  0.0000e+00
  4.5750e+01  0.0000e+00
  4.5850e+01  0.0000e+00
  4.5950e+01  0.0000e+00
  4.6050e+01  0.0000e+00
  4.6150e+01  0.0000e+00
  4.6250e+01  0.0000e+00
  4.6350e+01  0.0000e+00
  4.6450e+01  0.0000e+00
  4.6550e+01  0.0000e+00
  4.6650e+01  0.0000e+00
  4.6750e+01  0.0000e+00
  4.6850e+01  0.0000e+00
  4.6950e+01  0.0000e+00
  4.7050e+01  0.0000e+00
  4.7150e+01  0.0000e+00
  4.7250e+01  0.0000e+00
  4.7350e+01  0.0000e+00
  4.7450e+01  0.0000e+00
  4.7550e+01  0.0000e+00
  4.7650e+01  0.0000e+00
  4.7750e+01  0.0000e+00
  4.7850e+01  0.0000e+00
  4.7950e+01  0.0000e+00
  4.8050e+01  0.0000e+00
  4.8150e+01  0.0000e+00
  4.8250e+01  0.0000e+00
  4.8350e+01  0.0000e+00
  4.8450e+01  0.0000e+00
  4.8550e+01  0.0000e+00
  4.8650e+01  0.0000e+00
  4.8750e+01  0.0000e+00
  4.8850e+01  0.0000e+00
  4.8950e+01  0.0000e+00
  4.9050e+01  0.0000e+00
  4.9150e+01  0.0000e+00
  4.9250e+01  0.0000e+00
  4.9350e+01  0.0000e+00
  4.9450e+01  0.0000e+00
  4.9550e+01  0.0000e+00
  4.9650e+01  0.0000e+00
  4.9750e+01  0.0000e+00
  4.9850e+01  0.0000e+00
  4.9950e+01  0.0000e+00
  5.0050e+01  0.0000e+00
  5.0150e+01  0.0000e+00
  5.0250e+01  0.0000e+00
  5.0350e+01  0.0000e+00
  5.0450e+01  0.0000e+00
  5.0550e+01  0.0000e+00
  5.0650e+01  0.0000e+00
  5.0750e+01  0.0000e+00
  5.0850e+01  0.0000e+00
  5.0950e+01  0.0000e+00
  5.1050e+01  0.0000e+00
  5.1150e+01  0.0000e+00
  5.1250e+01  0.0000e+00
  5.1350e+01  0.0000e+00
  5.1450e+01  0.0000e+00
  5.1550e+01  0.0000e+00
  5.1650e+01  0.0000e+00
  5.1750e+01  0.0000e+00
  5.1850e+01  0.0000e+00
  5.1950e+01  0.0000e+00
  5.2050e+01  0.0000e+00
  5.2150e+01  0.0000e+00
  5.2250e+01  0.0000e+00
  5.2350e+01  0.0000e+00
  5.2450e+01  0.0000e+00
  5.2550e+01  0.0000e+00
  5.2650e+01  0.0000e+00
  5.2750e+01  0.0000e+00
  5.2850e+01  0.0000e+00
  5.2950e+01  0.0000e+00
  5.3050e+01  0.0000e+00
  5.3150e+01  0.0000e+00
  5.3250e+01  0.0000e+00
  5.3350e+01  0.0000e+00
  5.3450e+01  0.0000e+00
  5.3550e+01  0.0000e+00
  5.3650e+01  0.0000e+00
  5.3750e+01  0.0000e+00
  5.3850e+01  0.0000e+00
  5.3950e+01  0.0000e+00
  5.4050e+01  0.0000e+00
  5.4150e+01  0.0000e+00
  5.4250e+01  0.0000e+00
  5.4350e+01  0.0000e+00
  5.4450e+01  0.0000e+00
  5.4550e+01  0.0000e+00
  5.4650e+01  0.0000e+00
  5.4750e+01  0.0000e+00
  5.4850e+01  0.0000e+00
  5.4950e+01  0.0000e+00
  5.5050e+01  0.0000e+00
  5.5150e+01  0.0000e+00
  5.5250e+01  0.0000e+00
  5.5350e+01  0.0000e+00
  5.5450e+01  0.0000e+00
  5.5550e+01  0.0000e+00
  5.5650e+01  0.0000e+00
  5.5750e+01  0.0000e+00
  5.5850e+01  0.0000e+00
  5.5950e+01  0.0000e+00
  5.6050e+01  0.0000e+00
  5.6150e+01  0.0000e+00
  5.6250e+01  0.0000e+00
  5.6350e+01  0.0000e+00
  5.6450e+01  0.0000e+00
  5.6550e+01  0.0000e+00
  5.6650e+01  0.0000e+00
  5.6750e+01  0.0000e+00
  5.6850e+01  0.0000e+00
  5.6950e+01  0.0000e+00
  5.7050e+01  0.0000e+00
  5.7150e+01  0.0000e+00
  5.7250e+01  0.0000e+00
  5.7350e+01  0.0000e+00
  5.7450e+01  0.0000e+00
  5.7550e+01  0.0000e+00
  5.7650e+01  0.0000e+00
  5.7750e+01  0.0000e+00
  5.7850e+01  0.0000e+00
  5.7950e+01  0.0000e+00
  5.8050e+01  0.0000e+00
  5.8150e+01  0.0000e+00
  5.8250e+01  0.0000e+00
  5.8350e+01  0.0000e+00
  5.8450e+01  0.0000e+00
  5.8550e+01  0.0000e+00
  5.8650e+01  0.0000e+00
  5.8750e+01  0.0000e+00
  5.8850e+01  0.0000e+00
  5.8950e+01  0.0000e+00
  5.9050e+01  0.0000e+00
  5.9150e+01  0.0000e+00
  5.9250e+01  0.0000e+00
  5.9350e+01  0.0000e+00
  5.9450e+01  0.0000e+00
  5.9550e+01  0.0000e+00
  5.9650e+01  0.0000e+00
  5.9750e+01  0.0000e+00
  5.9850e+01  0.0000e+00
  5.9950e+01  0.0000e+00
  6.0050e+01  0.0000e+00
  6.0150e+01  0.0000e+00
  6.0250e+01  0.0000e+00
  6.0350e+01  0.0000e+00
  6.0450e+01  0.0000e+00
  6.0550e+01  0.0000e+00
  6.0650e+01  0.0000e+00
  6.0750e+01  0.0000e+00
  6.0850e+01  0.0000e+00
  6.0950e+01  0.0000e+00
  6.1050e+01  0.0000e+00
  6.1150e+01  0.0000e+00
  6.1250e+01  0.0000e+00
  6.1350e+01  0.0000e+00
  6.1450e+01  0.0000e+00
  6.1550e+01  0.0000e+00
  6.1650e+01  0.0000e+00
  6.1750e+01  0.0000e+00
  6.1850e+01  0.0000e+00
  6.1950e+01  0.0000e+00
  6.2050e+01  0.0000e+00
  6.2150e+01  0.0000e+00
  6.2250e+01  0.0000e+00
  6.2350e+01  0.0000e+00
  6.2450e+01  0.0000e+00
  6.2550e+01  0.0000e+00
  6.2650e+01  0.0000e+00
  6.2750e+01  0.0000e+00
  6.2850e+01  0.0000e+00
  6.2950e+01  0.0000e+00
  6.3050e+01  0.0000e+00
  6.3150e+01  0.0000e+00
  6.3250e+01  0.0000e+00
  6.3350e+01  0.0000e+00
  6.3450e+01  0.0000e+00
  6.3550e+01  0.0000e+00
  6.3650e+01  0.0000e+00
  6.3750e+01  0.0000e+00
  6.3850e+01  0.0000e+00
  6.3950e+01  0.0000e+00
  6.4050e+01  0.0000e+00
  6.4150e+01  0.0000e+00
  6.4250e+01  0.0000e+00
  6.4350e+01  0.0000e+00
  6.4450e+01  0.0000e+00
  6.4550e+01  0.0000e+00
  6.4650e+01  0.0000e+00
  6.4750e+01  0.0000e+00
  6.4850e+01  0.0000e+00
  6.4950e+01  0.0000e+00
  6.5050e+01  0.0000e+00
  6.5150e+01  0.0000e+00
  6.5250e+01  0.0000e+00
  6.5350e+01  0.0000e+00
  6.5450e+01  0.0000e+00
  6.5550e+01  0.0000e+00
  6.5650e+01  0.0000e+00
  6.5750e+01  0.0000e+00
  6.5850e+01  0.0000e+00
  6.5950e+01  0.0000e+00
  6.6050e+01  0.0000e+00
  6.6150e+01  0.0000e+00
  6.6250e+01  0.0000e+00
  6.6350e+01  0.0000e+00
  6.6450e+01  0.0000e+00
  6.6550e+01  0.0000e+00
  6.6650e+01  0.0000e+00
  6.6750e+01  0.0000e+00
  6.6850e+01  0.0000e+00
  6.6950e+01  0.0000e+00
  6.7050e+01  0.0000e+00
  6.7150e+01  0.0000e+00
  6.7250e+01  0.0000e+00
  6.7350e+01  0.0000e+00
  6.7450e+01  0.0000e+00
  6.7550e+01  0.0000e+00
  6.7650e+01  0.0000e+00
  6.7750e+01  0.0000e+00
  6.7850e+01  0.0000e+00
  6.7950e+01  0.0000e+00
  6.8050e+01  0.0000e+00
  6.8150e+01  0.0000e+00
  6.8250e+01  0.0000e+00
  6.8350e+01  0.0000e+00
  6.8450e+01  0.0000e+00
  6.8550e+01  0.0000e+00
  6.8650e+01  0.0000e+00
  6.8750e+01  0.0000e+00
  6.8850e+01  0.0000e+00
  6.8950e+01  0.0000e+00
  6.9050e+01  0.0000e+00
  6.9150e+01  0.0000e+00
  6.9250e+01  0.0000e+00
  6.9350e+01  0.0000e+00
  6.9450e+01  0.0000e+00
  6.9550e+01  0.0000e+00
  6.9650e+01  0.0000e+00
  6.9750e+01  0.0000e+00
  6.9850e+01  0.0000e+00
  6.9950e+01  0.0000e+00
  7.0050e+01  0.0000e+00
  7.0150e+01  0.0000e+00
  7.0250e+01  0.0000e+00
  7.0350e+01  0.0000e+00
  7.0450e+01  0.0000e+00
  7.0550e+01  0.0000e+00
  7.0650e+01  0.0000e+00
  7.0750e+01  0.0000e+00
  7.0850e+01  0.0000e+00
  7.0950e+01  0.0000e+00
  7.1050e+01  0.0000e+00
  7.1150e+01  0.0000e+00
  7.1250e+01  0.0000e+00
  7.1350e+01  0.0000e+00
  7.1450e+01  0.0000e+00
  7.1550e+01  0.0000e+00
  7.1650e+01  0.0000e+00
  7.1750e+01  0.0000e+00
  7.1850e+01  0.0000e+00
  7.1950e+01  0.0000e+00
  7.2050e+01  0.0000e+00
  7.2150e+01  0.0000e+00
  7.2250e+01  0.0000e+00
  7.2350e+01  0.0000e+00
  7.2450e+01  0.0000e+00
  7.2550e+01  0.0000e+00
  7.2650e+01  0.0000e+00
  7.2750e+01  0.0000e+00
  7.2850e+01  0.0000e+00
  7.2950e+01  0.0000e+00
  7.3050e+01  0.0000e+00
  7.3150e+01  0.0000e+00
  7.3250e+01  0.0000e+00
  7.3350e+01  0.0000e+00
  7.3450e+01  0.0000e+00
  7.3550e+01  0.0000e+00
  7.3650e+01  0.0000e+00
  7.3750e+01  0.0000e+00
  7.3850e+01  0.0000e+00
  7.3950e+01  0.0000e+00
  7.4050e+01  0.0000e+00
  7.4150e+01  0.0000e+00
  7.4250e+01  0.0000e+00
  7.4350e+01  0.0000e+00
  7.4450e+01  0.0000e+00
  7.4550e+01  0.0000e+00
  7.4650e+01  0.0000e+00
  7.4750e+01  0.0000e+00
  7.4850e+01  0.0000e+00
  7.4950e+01  0.0000e+00
  7.5050e+01  0.0000e+00
  7.5150e+01  0.0000e+00
  7.5250e+01  0.0000e+00
  7.5350e+01  0.0000e+00
  7.5450e+01  0.0000e+00
  7.5550e+01  0.0000e+00
  7.5650e+01  0.0000e+00
  7.5750e+01  0.0000e+00
  7.5850e+01  0.0000e+00
  7.5950e+01  0.0000e+00
  7.6050e+01  0.0000e+00
  7.6150e+01  0.0000e+00
  7.6250e+01  0.0000e+00
  7.6350e+01  0.0000e+00
  7.6450e+01  0.0000e+00
  7.6550e+01  0.0000e+00
  7.6650e+01  0.0000e+00
  7.6750e+01  0.0000e+00
  7.6850e+01  0.0000e+00
  7.6950e+01  0.0000e+00
  7.7050e+01  0.0000e+00
  7.7150e+01  0.0000e+00
  7.7250e+01  0.0000e+00
  7.7350e+01  0.0000e+00
  7.7450e+01  0.0000e+00
  7.7550e+01  0.0000e+00
  7.7650e+01  0.0000e+00
  7.7750e+01  0.0000e+00
  7.7850e+01  0.0000e+00
  7.7950e+01  0.0000e+00
  7.8050e+01  0.0000e+00
  7.8150e+01  0.0000e+00
  7.8250e+01  0.0000e+00
  7.8350e+01  0.0000e+00
  7.8450e+01  0.0000e+00
  7.8550e+01  0.0000e+00
  7.8650e+01  0.0000e+00
  7.8750e+01  0.0000e+00
  7.8850e+01  0.0000e+00
  7.8950e+01  0.0000e+00
  7.9050e+01  0.0000e+00
  7.9150e+01  0.0000e+00
  7.9250e+01  0.0000e+00
  7.9350e+01  0.0000e+00
  7.9450e+01  0.0000e+00
  7.9550e+01  0.0000e+00
  7.9650e+01  0.0000e+00
  7.9750e+01  0.0000e+00
  7.9850e+01  0.0000e+00
  7.9950e+01  0.0000e+00
  8.0050e+01  0.0000e+00
  8.0150e+01  0.0000e+00
  8.0250e+01  0.0000e+00
  8.0350e+01  0.0000e+00
  8.0450e+01  0.0000e+00
  8.0550e+01  0.0000e+00
  8.0650e+01  0.0000e+00
  8.0750e+01  0.0000e+00
  8.0850e+01  0.0000e+00
  8.0950e+01  0.0000e+00
  8.1050e+01  0.0000e+00
  8.1150e+01  0.0000e+00
  8.1250e+01  0.0000e+00
  8.1350e+01  0.0000e+00
  8.1450e+01  0.0000e+00
  8.1550e+01  0.0000e+00
  8.1650e+01  0.0000e+00
  8.1750e+01  0.0000e+00
  8.1850e+01  0.0000e+00
  8.1950e+01  0.0000e+00
  8.2050e+01  0.0000e+00
  8.2150e+01  0.0000e+00
  8.2250e+01  0.0000e+00
  8.2350e+01  0.0000e+00
  8.2450e+01  0.0000e+00
  8.2550e+01  0.0000e+00
  8.2650e+01  0.0000e+00
  8.2750e+01  0.0000e+00
  8.2850e+01  0.0000e+00
  8.2950e+01  0.0000e+00
  8.3050e+01  0.0000e+00
  8.3150e+01  0.0000e+00
  8.3250e+01  0.0000e+00
  8.3350e+01  0.0000e+00
  8.3450e+01  0.0000e+00
  8.3550e+01  0.0000e+00
  8.3650e+01  0.0000e+00
  8.3750e+01  0.0000e+00
  8.3850e+01  0.0000e+00
  8.3950e+01  0.0000e+00
  8.4050e+01  0.0000e+00
  8.4150e+01  0.0000e+00
  8.4250e+01  0.0000e+00
  8.4350e+01  0.0000e+00
  8.4450e+01  0.0000e+00
  8.4550e+01  0.0000e+00
  8.4650e+01  0.0000e+00
  8.4750e+01  0.0000e+00
  8.4850e+01  0.0000e+00
  8.4950e+01  0.0000e+00
  8.5050e+01  0.0000e+00
  8.5150e+01  0.0000e+00
  8.5250e+01  0.0000e+00
  8.5350e+01  0.0000e+00
  8.5450e+01  0.0000e+00
  8.5550e+01  0.0000e+00
  8.5650e+01  0.0000e+00
  8.5750e+01  0.0000e+00
  8.5850e+01  0.0000e+00
  8.5950e+01  0.0000e+00
  8.6050e+01  0.0000e+00
  8.6150e+01  0.0000e+00
  8.6250e+01  0.0000e+00
  8.6350e+01  0.0000e+00
  8.6450e+01  0.0000e+00
  8.6550e+01  0.0000e+00
  8.6650e+01  0.0000e+00
  8.6750e+01  0.0000e+00
  8.6850e+01  0.0000e+00
  8.6950e+01  0.0000e+00
  8.7050e+01  0.0000e+00
  8.7150e+01  0.0000e+00
  8.7250e+01  0.0000e+00
  8.7350e+01  0.0000e+00
  8.7450e+01  0.0000e+00
  8.7550e+01  0.0000e+00
  8.7650e+01  0.0000e+00
  8.7750e+01  0.0000e+00
  8.7850e+01  0.0000e+00
  8.7950e+01  0.0000e+00
  8.8050e+01  0.0000e+00
  8.8150e+01  0.0000e+00
  8.8250e+01  0.0000e+00
  8.8350e+01  0.0000e+00
  8.8450e+01  0.0000e+00
  8.8550e+01  0.0000e+00
  8.8650e+01  0.0000e+00
  8.8750e+01  0.0000e+00
  8.8850e+01  0.0000e+00
  8.8950e+01  0.0000e+00
  8.9050e+01  0.0000e+00
  8.9150e+01  0.0000e+00
  8.9250e+01  0.0000e+00
  8.9350e+01  0.0000e+00
  8.9450e+01  0.0000e+00
  8.9550e+01  0.0000e+00
  8.9650e+01  0.0000e+00
  8.9750e+01  0.0000e+00
  8.9850e+01  0.0000e+00
  8.9950e+01  0.0000e+00
  9.0050e+01  0.0000e+00
  9.0150e+01  0.0000e+00
  9.0250e+01  0.0000e+00
  9.0350e+01  0.0000e+00
  9.0450e+01  0.0000e+00
  9.0550e+01  0.0000e+00
  9.0650e+01  0.0000e+00
  9.0750e+01  0.0000e+00
  9.0850e+01  0.0000e+00
  9.0950e+01  0.0000e+00
  9.1050e+01  0.0000e+00
  9.1150e+01  0.0000e+00
  9.1250e+01  0.0000e+00
  9.1350e+01  0.0000e+00
  9.1450e+01  0.0000e+00
  9.1550e+01  0.0000e+00
  9.1650e+01  0.0000e+00
  9.1750e+01  0.0000e+00
  9.1850e+01  0.0000e+00
  9.1950e+01  0.0000e+00
  9.2050e+01  0.0000e+00
  9.2150e+01  0.0000e+00
  9.2250e+01  0.0000e+00
  9.2350e+01  0.0000e+00
  9.2450e+01  0.0000e+00
  9.2550e+01  0.0000e+00
  9.2650e+01  0.0000e+00
  9.2750e+01  0.0000e+00
  9.2850e+01  0.0000e+00
  9.2950e+01  0.0000e+00
  9.3050e+01  0.0000e+00
  9.3150e+01  0.0000e+00
  9.3250e+01  0.0000e+00
  9.3350e+01  0.0000e+00
  9.3450e+01  0.0000e+00
  9.3550e+01  0.0000e+00
  9.3650e+01  0.0000e+00
  9.3750e+01  0.0000e+00
  9.3850e+01  0.0000e+00
  9.3950e+01  0.0000e+00
  9.4050e+01  0.0000e+00
  9.4150e+01  0.0000e+00
  9.4250e+01  0.0000e+00
  9.4350e+01  0.0000e+00
  9.4450e+01  0.0000e+00
  9.4550e+01  0.0000e+00
  9.4650e+01  0.0000e+00
  9.4750e+01  0.0000e+00
  9.4850e+01  0.0000e+00
  9.4950e+01  0.0000e+00
  9.5050e+01  0.0000e+00
  9.5150e+01  0.0000e+00
  9.5250e+01  0.0000e+00
  9.5350e+01  0.0000e+00
  9.5450e+01  0.0000e+00
  9.5550e+01  0.0000e+00
  9.5650e+01  0.0000e+00
  9.5750e+01  0.0000e+00
  9.5850e+01  0.0000e+00
  9.5950e+01  0.0000e+00
  9.6050e+01  0.0000e+00
  9.6150e+01  0.0000e+00
  9.6250e+01  0.0000e+00
  9.6350e+01  0.0000e+00
  9.6450e+01  0.0000e+00
  9.6550e+01  0.0000e+00
  9.6650e+01  0.0000e+00
  9.6750e+01  0.0000e+00
  9.6850e+01  0.0000e+00
  9.6950e+01  0.0000e+00
  9.7050e+01  0.0000e+00
  9.7150e+01  0.0000e+00
  9.7250e+01  0.0000e+00
  9.7350e+01  0.0000e+00
  9.7450e+01  0.0000e+00
  9.7550e+01  0.0000e+00
  9.7650e+01  0.0000e+00
  9.7750e+01  0.0000e+00
  9.7850e+01  0.0000e+00
  9.7950e+01  0.0000e+00
  9.8050e+01  0.0000e+00
  9.8150e+01  0.0000e+00
  9.8250e+01  0.0000e+00
  9.8350e+01  0.0000e+00
  9.8450e+01  0.0000e+00
  9.8550e+01  0.0000e+00
  9.8650e+01  0.0000e+00
  9.8750e+01  0.0000e+00
  9.8850e+01  0.0000e+00
  9.8950e+01  0.0000e+00
  9.9050e+01  0.0000e+00
  9.9150e+01  0.0000e+00
  9.9250e+01  0.0000e+00
  9.9350e+01  0.0000e+00
  9.9450e+01  0.0000e+00
  9.9550e+01  0.0000e+00
  9.9650e+01  0.0000e+00
  9.9750e+01  0.0000e+00
  9.9850e+01  0.0000e+00
  9.9950e+01  0.0000e+00
  1.0005e+02  0.0000e+00
  1.0015e+02  0.0000e+00
  1.0025e+02  0.0000e+00
  1.0035e+02  0.0000e+00
  1.0045e+02  0.0000e+00
  1.0055e+02  0.0000e+00
  1.0065e+02  0.0000e+00
  1.0075e+02  0.0000e+00
  1.0085e+02  0.0000e+00
  1.0095e+02  0.0000e+00
  1.0105e+02  0.0000e+00
  1.0115e+02  0.0000e+00
  1.0125e+02  0.0000e+00
  1.0135e+02  0.0000e+00
  1.0145e+02  0.0000e+00
  1.0155e+02  0.0000e+00
  1.0165e+02  0.0000e+00
  1.0175e+02  0.0000e+00
  1.0185e+02  0.0000e+00
  1.0195e+02  0.0000e+00
  1.0205e+02  0.0000e+00
  1.0215e+02  0.0000e+00
  1.0225e+02  0.0000e+00
  1.0235e+02  0.0000e+00
  1.0245e+02  0.0000e+00
  1.0255e+02  0.0000e+00
  1.0265e+02  0.0000e+00
  1.0275e+02  0.0000e+00
  1.0285e+02  0.0000e+00
  1.0295e+02  0.0000e+00
  1.0305e+02  0.0000e+00
  1.0315e+02  0.0000e+00
  1.0325e+02  0.0000e+00
  1.0335e+02  0.0000e+00
  1.0345e+02  0.0000e+00
  1.0355e+02  0.0000e+00
  1.0365e+02  0.0000e+00
  1.0375e+02  0.0000e+00
  1.0385e+02  0.0000e+00
  1.0395e+02  0.0000e+00
  1.0405e+02  0.0000e+00
  1.0415e+02  0.0000e+00
  1.0425e+02  0.0000e+00
  1.0435e+02  0.0000e+00
  1.0445e+02  0.0000e+00
  1.0455e+02  0.0000e+00
  1.0465e+02  0.0000e+00
  1.0475e+02  0.0000e+00
  1.0485e+02  0.0000e+00
  1.0495e+02  0.0000e+00
  1.0505e+02  0.0000e+00
  1.0515e+02  0.0000e+00
  1.0525e+02  0.0000e+00
  1.0535e+02  0.0000e+00
  1.0545e+02  0.0000e+00
  1.0555e+02  0.0000e+00
  1.0565e+02  0.0000e+00
  1.0575e+02  0.0000e+00
  1.0585e+02  0.0000e+00
  1.0595e+02  0.0000e+00
  1.0605e+02  0.0000e+00
  1.0615e+02  0.0000e+00
  1.0625e+02  0.0000e+00
  1.0635e+02  0.0000e+00
  1.0645e+02  0.0000e+00
  1.0655e+02  0.0000e+00
  1.0665e+02  0.0000e+00
  1.0675e+02  0.0000e+00
  1.0685e+02  0.0000e+00
  1.0695e+02  0.0000e+00
  1.0705e+02  0.0000e+00
  1.0715e+02  0.0000e+00
  1.0725e+02  0.0000e+00
  1.0735e+02  0.0000e+00
  1.0745e+02  0.0000e+00
  1.0755e+02  0.0000e+00
  1.0765e+02  0.0000e+00
  1.0775e+02  0.0000e+00
  1.0785e+02  0.0000e+00
  1.0795e+02  0.0000e+00
  1.0805e+02  0.0000e+00
  1.0815e+02  0.0000e+00
  1.0825e+02  0.0000e+00
  1.0835e+02  0.0000e+00
  1.0845e+02  0.0000e+00
  1.0855e+02  0.0000e+00
  1.0865e+02  0.0000e+00
  1.0875e+02  0.0000e+00
  1.0885e+02  0.0000e+00
  1.0895e+02  0.0000e+00
  1.0905e+02  0.0000e+00
  1.0915e+02  0.0000e+00
  1.0925e+02  0.0000e+00
  1.0935e+02  0.0000e+00
  1.0945e+02  0.0000e+00
  1.0955e+02  0.0000e+00
  1.0965e+02  0.0000e+00
  1.0975e+02  0.0000e+00
  1.0985e+02  0.0000e+00
  1.0995e+02  0.0000e+00
  1.1005e+02  0.0000e+00
  1.1015e+02  0.0000e+00
  1.1025e+02  0.0000e+00
  1.1035e+02  0.0000e+00
  1.1045e+02  0.0000e+00
  1.1055e+02  0.0000e+00
  1.1065e+02  0.0000e+00
  1.1075e+02  0.0000e+00
  1.1085e+02  0.0000e+00
  1.1095e+02  0.0000e+00
  1.1105e+02  0.0000e+00
  1.1115e+02  0.0000e+00
  1.1125e+02  0.0000e+00
  1.1135e+02  0.0000e+00
  1.1145e+02  0.0000e+00
  1.1155e+02  0.0000e+00
  1.1165e+02  0.0000e+00
  1.1175e+02  0.0000e+00
  1.1185e+02  0.0000e+00
  1.1195e+02  0.0000e+00
  1.1205e+02  0.0000e+00
  1.1215e+02  0.0000e+00
  1.1225e+02  0.0000e+00
  1.1235e+02  0.0000e+00
  1.1245e+02  0.0000e+00
  1.1255e+02  0.0000e+00
  1.1265e+02  0.0000e+00
  1.1275e+02  0.0000e+00
  1.1285e+02  0.0000e+00
  1.1295e+02  0.0000e+00
  1.1305e+02  0.0000e+00
  1.1315e+02  0.0000e+00
  1.1325e+02  0.0000e+00
  1.1335e+02  0.0000e+00
  1.1345e+02  0.0000e+00
  1.1355e+02  0.0000e+00
  1.1365e+02  0.0000e+00
  1.1375e+02  0.0000e+00
  1.1385e+02  0.0000e+00
  1.1395e+02  0.0000e+00
  1.1405e+02  0.0000e+00
  1.1415e+02  0.0000e+00
  1.1425e+02  0.0000e+00
  1.1435e+02  0.0000e+00
  1.1445e+02  0.0000e+00
  1.1455e+02  0.0000e+00
  1.1465e+02  0.0000e+00
  1.1475e+02  0.0000e+00
  1.1485e+02  0.0000e+00
  1.1495e+02  0.0000e+00
  1.1505e+02  0.0000e+00
  1.1515e+02  0.0000e+00
  1.1525e+02  0.0000e+00
  1.1535e+02  0.0000e+00
  1.1545e+02  0.0000e+00
  1.1555e+02  0.0000e+00
  1.1565e+02  0.0000e+00
  1.1575e+02  0.0000e+00
  1.1585e+02  0.0000e+00
  1.1595e+02  0.0000e+00
  1.1605e+02  0.0000e+00
  1.1615e+02  0.0000e+00
  1.1625e+02  0.0000e+00
  1.1635e+02  0.0000e+00
  1.1645e+02  0.0000e+00
  1.1655e+02  0.0000e+00
  1.1665e+02  0.0000e+00
  1.1675e+02  0.0000e+00
  1.1685e+02  0.0000e+00
  1.1695e+02  0.0000e+00
  1.1705e+02  0.0000e+00
  1.1715e+02  0.0000e+00
  1.1725e+02  0.0000e+00
  1.1735e+02  0.0000e+00
  1.1745e+02  0.0000e+00
  1.1755e+02  0.0000e+00
  1.1765e+02  0.0000e+00
  1.1775e+02  0.0000e+00
  1.1785e+02  0.0000e+00
  1.1795e+02  0.0000e+00
  1.1805e+02  0.0000e+00
  1.1815e+02  0.0000e+00
  1.1825e+02  0.0000e+00
  1.1835e+02  0.0000e+00
  1.1845e+02  0.0000e+00
  1.1855e+02  0.0000e+00
  1.1865e+02  0.0000e+00
  1.1875e+02  0.0000e+00
  1.1885e+02  0.0000e+00
  1.1895e+02  0.0000e+00
  1.1905e+02  0.0000e+00
  1.1915e+02  0.0000e+00
  1.1925e+02  0.0000e+00
  1.1935e+02  0.0000e+00
  1.1945e+02  0.0000e+00
  1.1955e+02  0.0000e+00
  1.1965e+02  0.0000e+00
  1.1975e+02  0.0000e+00
  1.1985e+02  0.0000e+00
  1.1995e+02  0.0000e+00
  1.2005e+02  0.0000e+00
  1.2015e+02  0.0000e+00
  1.2025e+02  0.0000e+00
  1.2035e+02  0.0000e+00
  1.2045e+02  0.0000e+00
  1.2055e+02  0.0000e+00
  1.2065e+02  0.0000e+00
  1.2075e+02  0.0000e+00
  1.2085e+02  0.0000e+00
  1.2095e+02  0.0000e+00
  1.2105e+02  0.0000e+00
  1.2115e+02  0.0000e+00
  1.2125e+02  0.0000e+00
  1.2135e+02  0.0000e+00
  1.2145e+02  0.0000e+00
  1.2155e+02  0.0000e+00
  1.2165e+02  0.0000e+00
  1.2175e+02  0.0000e+00
  1.2185e+02  0.0000e+00
  1.2195e+02  0.0000e+00
  1.2205e+02  0.0000e+00
  1.2215e+02  0.0000e+00
  1.2225e+02  0.0000e+00
  1.2235e+02  0.0000e+00
  1.2245e+02  0.0000e+00
  1.2255e+02  0.0000e+00
  1.2265e+02  0.0000e+00
  1.2275e+02  0.0000e+00
  1.2285e+02  0.0000e+00
  1.2295e+02  0.0000e+00
  1.2305e+02  0.0000e+00
  1.2315e+02  0.0000e+00
  1.2325e+02  0.0000e+00
  1.2335e+02  0.0000e+00
  1.2345e+02  0.0000e+00
  1.2355e+02  0.0000e+00
  1.2365e+02  0.0000e+00
  1.2375e+02  0.0000e+00
  1.2385e+02  0.0000e+00
  1.2395e+02  0.0000e+00
  1.2405e+02  0.0000e+00
  1.2415e+02  0.0000e+00
  1.2425e+02  0.0000e+00
  1.2435e+02  0.0000e+00
  1.2445e+02  0.0000e+00
  1.2455e+02  0.0000e+00
  1.2465e+02  0.0000e+00
  1.2475e+02  0.0000e+00
  1.2485e+02  0.0000e+00
  1.2495e+02  0.0000e+00
  1.2505e+02  0.0000e+00
  1.2515e+02  0.0000e+00
  1.2525e+02  0.0000e+00
  1.2535e+02  0.0000e+00
  1.2545e+02  0.0000e+00
  1.2555e+02  0.0000e+00
  1.2565e+02  0.0000e+00
  1.2575e+02  0.0000e+00
  1.2585e+02  0.0000e+00
  1.2595e+02  0.0000e+00
  1.2605e+02  0.0000e+00
  1.2615e+02  0.0000e+00
  1.2625e+02  0.0000e+00
  1.2635e+02  0.0000e+00
  1.2645e+02  0.0000e+00
  1.2655e+02  0.0000e+00
  1.2665e+02  0.0000e+00
  1.2675e+02  0.0000e+00
  1.2685e+02  0.0000e+00
  1.2695e+02  0.0000e+00
  1.2705e+02  0.0000e+00
  1.2715e+02  0.0000e+00
  1.2725e+02  0.0000e+00
  1.2735e+02  0.0000e+00
  1.2745e+02  0.0000e+00
  1.2755e+02  0.0000e+00
  1.2765e+02  0.0000e+00
  1.2775e+02  0.0000e+00
  1.2785e+02  0.0000e+00
  1.2795e+02  0.0000e+00
  1.2805e+02  0.0000e+00
  1.2815e+02  0.0000e+00
  1.2825e+02  0.0000e+00
  1.2835e+02  0.0000e+00
  1.2845e+02  0.0000e+00
  1.2855e+02  0.0000e+00
  1.2865e+02  0.0000e+00
  1.2875e+02  0.0000e+00
  1.2885e+02  0.0000e+00
  1.2895e+02  0.0000e+00
  1.2905e+02  0.0000e+00
  1.2915e+02  0.0000e+00
  1.2925e+02  0.0000e+00
  1.2935e+02  0.0000e+00
  1.2945e+02  0.0000e+00
  1.2955e+02  0.0000e+00
  1.2965e+02  0.0000e+00
  1.2975e+02  0.0000e+00
  1.2985e+02  0.0000e+00
  1.2995e+02  0.0000e+00
  1.3005e+02  0.0000e+00
  1.3015e+02  0.0000e+00
  1.3025e+02  0.0000e+00
  1.3035e+02  0.0000e+00
  1.3045e+02  0.0000e+00
  1.3055e+02  0.0000e+00
  1.3065e+02  0.0000e+00
  1.3075e+02  0.0000e+00
  1.3085e+02  0.0000e+00
  1.3095e+02  0.0000e+00
  1.3105e+02  0.0000e+00
  1.3115e+02  0.0000e+00
  1.3125e+02  0.0000e+00
  1.3135e+02  0.0000e+00
  1.3145e+02  0.0000e+00
  1.3155e+02  0.0000e+00
  1.3165e+02  0.0000e+00
  1.3175e+02  0.0000e+00
  1.3185e+02  0.0000e+00
  1.3195e+02  0.0000e+00
  1.3205e+02  0.0000e+00
  1.3215e+02  0.0000e+00
  1.3225e+02  0.0000e+00
  1.3235e+02  0.0000e+00
  1.3245e+02  0.0000e+00
  1.3255e+02  0.0000e+00
  1.3265e+02  0.0000e+00
  1.3275e+02  0.0000e+00
  1.3285e+02  0.0000e+00
  1.3295e+02  0.0000e+00
  1.3305e+02  0.0000e+00
  1.3315e+02  0.0000e+00
  1.3325e+02  0.0000e+00
  1.3335e+02  0.0000e+00
  1.3345e+02  0.0000e+00
  1.3355e+02  0.0000e+00
  1.3365e+02  0.0000e+00
  1.3375e+02  0.0000e+00
  1.3385e+02  0.0000e+00
  1.3395e+02  0.0000e+00
  1.3405e+02  0.0000e+00
  1.3415e+02  0.0000e+00
  1.3425e+02  0.0000e+00
  1.3435e+02  0.0000e+00
  1.3445e+02  0.0000e+00
  1.3455e+02  0.0000e+00
  1.3465e+02  0.0000e+00
  1.3475e+02  0.0000e+00
  1.3485e+02  0.0000e+00
  1.3495e+02  0.0000e+00
  1.3505e+02  0.0000e+00
  1.3515e+02  0.0000e+00
  1.3525e+02  0.0000e+00
  1.3535e+02  0.0000e+00
  1.3545e+02  0.0000e+00
  1.3555e+02  0.0000e+00
  1.3565e+02  0.0000e+00
  1.3575e+02  0.0000e+00
  1.3585e+02  0.0000e+00
  1.3595e+02  0.0000e+00
  1.3605e+02  0.0000e+00
  1.3615e+02  0.0000e+00
  1.3625e+02  0.0000e+00
  1.3635e+02  0.0000e+00
  1.3645e+02  0.0000e+00
  1.3655e+02  0.0000e+00
  1.3665e+02  0.0000e+00
  1.3675e+02  0.0000e+00
  1.3685e+02  0.0000e+00
  1.3695e+02  0.0000e+00
  1.3705e+02  0.0000e+00
  1.3715e+02  0.0000e+00
  1.3725e+02  0.0000e+00
  1.3735e+02  0.0000e+00
  1.3745e+02  0.0000e+00
  1.3755e+02  0.0000e+00
  1.3765e+02  0.0000e+00
  1.3775e+02  0.0000e+00
  1.3785e+02  0.0000e+00
  1.3795e+02  0.0000e+00
  1.3805e+02  0.0000e+00
  1.3815e+02  0.0000e+00
  1.3825e+02  0.0000e+00
  1.3835e+02  0.0000e+00
  1.3845e+02  0.0000e+00
  1.3855e+02  0.0000e+00
  1.3865e+02  0.0000e+00
  1.3875e+02  0.0000e+00
  1.3885e+02  0.0000e+00
  1.3895e+02  0.0000e+00
  1.3905e+02  0.0000e+00
  1.3915e+02  0.0000e+00
  1.3925e+02  0.0000e+00
  1.3935e+02  0.0000e+00
  1.3945e+02  0.0000e+00
  1.3955e+02  0.0000e+00
  1.3965e+02  0.0000e+00
  1.3975e+02  0.0000e+00
  1.3985e+02  0.0000e+00
  1.3995e+02  0.0000e+00
  1.4005e+02  0.0000e+00
  1.4015e+02  0.0000e+00
  1.4025e+02  0.0000e+00
  1.4035e+02  0.0000e+00
  1.4045e+02  0.0000e+00
  1.4055e+02  0.0000e+00
  1.4065e+02  0.0000e+00
  1.4075e+02  0.0000e+00
  1.4085e+02  0.0000e+00
  1.4095e+02  0.0000e+00
  1.4105e+02  0.0000e+00
  1.4115e+02  0.0000e+00
  1.4125e+02  0.0000e+00
  1.4135e+02  0.0000e+00
  1.4145e+02  0.0000e+00
  1.4155e+02  0.0000e+00
  1.4165e+02  0.0000e+00
  1.4175e+02  0.0000e+00
  1.4185e+02  0.0000e+00
  1.4195e+02  0.0000e+00
  1.4205e+02  0.0000e+00
  1.4215e+02  0.0000e+00
  1.4225e+02  0.0000e+00
  1.4235e+02  0.0000e+00
  1.4245e+02  0.0000e+00
  1.4255e+02  0.0000e+00
  1.4265e+02  0.0000e+00
  1.4275e+02  0.0000e+00
  1.4285e+02  0.0000e+00
  1.4295e+02  0.0000e+00
  1.4305e+02  0.0000e+00
  1.4315e+02  0.0000e+00
  1.4325e+02  0.0000e+00
  1.4335e+02  0.0000e+00
  1.4345e+02  0.0000e+00
  1.4355e+02  0.0000e+00
  1.4365e+02  0.0000e+00
  1.4375e+02  0.0000e+00
  1.4385e+02  0.0000e+00
  1.4395e+02  0.0000e+00
  1.4405e+02  0.0000e+00
  1.4415e+02  0.0000e+00
  1.4425e+02  0.0000e+00
  1.4435e+02  0.0000e+00
  1.4445e+02  0.0000e+00
  1.4455e+02  0.0000e+00
  1.4465e+02  0.0000e+00
  1.4475e+02  0.0000e+00
  1.4485e+02  0.0000e+00
  1.4495e+02  0.0000e+00
  1.4505e+02  0.0000e+00
  1.4515e+02  0.0000e+00
  1.4525e+02  0.0000e+00
  1.4535e+02  0.0000e+00
  1.4545e+02  0.0000e+00
  1.4555e+02  0.0000e+00
  1.4565e+02  0.0000e+00
  1.4575e+02  0.0000e+00
  1.4585e+02  0.0000e+00
  1.4595e+02  0.0000e+00
  1.4605e+02  0.0000e+00
  1.4615e+02  0.0000e+00
  1.4625e+02  0.0000e+00
  1.4635e+02  0.0000e+00
  1.4645e+02  0.0000e+00
  1.4655e+02  0.0000e+00
  1.4665e+02  0.0000e+00
  1.4675e+02  0.0000e+00
  1.4685e+02  0.0000e+00
  1.4695e+02  0.0000e+00
  1.4705e+02  0.0000e+00
  1.4715e+02  0.0000e+00
  1.4725e+02  0.0000e+00
  1.4735e+02  0.0000e+00
  1.4745e+02  0.0000e+00
  1.4755e+02  0.0000e+00
  1.4765e+02  0.0000e+00
  1.4775e+02  0.0000e+00
  1.4785e+02  0.0000e+00
  1.4795e+02  0.0000e+00
  1.4805e+02  0.0000e+00
  1.4815e+02  0.0000e+00
  1.4825e+02  0.0000e+00
  1.4835e+02  0.0000e+00
  1.4845e+02  0.0000e+00
  1.4855e+02  0.0000e+00
  1.4865e+02  0.0000e+00
  1.4875e+02  0.0000e+00
  1.4885e+02  0.0000e+00
  1.4895e+02  0.0000e+00
  1.4905e+02  0.0000e+00
  1.4915e+02  0.0000e+00
  1.4925e+02  0.0000e+00
  1.4935e+02  0.0000e+00
  1.4945e+02  0.0000e+00
  1.4955e+02  0.0000e+00
  1.4965e+02  0.0000e+00
  1.4975e+02  0.0000e+00
  1.4985e+02  0.0000e+00
  1.4995e+02  0.0000e+00
