 -4.9500e+00  2.6453e+05
 -4.8500e+00  2.6650e+05
 -4.7500e+00  2.6884e+05
 -4.6500e+00  2.7068e+05
 -4.5500e+00  2.7297e+05
 -4.4500e+00  2.7604e+05
 -4.3500e+00  2.7735e+05
 -4.2500e+00  2.7949e+05
 -4.1500e+00  2.8147e+05
 -4.0500e+00  2.8341e+05
 -3.9500e+00  2.8513e+05
 -3.8500e+00  2.8680e+05
 -3.7500e+00  2.8774e+05
 -3.6500e+00  2.8940e+05
 -3.5500e+00  2.9122e+05
 -3.4500e+00  2.9360e+05
 -3.3500e+00  2.9475e+05
 -3.2500e+00  2.9590e+05
 -3.1500e+00  2.9689e+05
 -3.0500e+00  2.9876e+05
 -2.9500e+00  3.0029e+05
 -2.8500e+00  3.0022e+05
 -2.7500e+00  3.0130e+05
 -2.6500e+00  3.0124e+05
 -2.5500e+00  3.0358e+05
 -2.4500e+00  3.0367e+05
 -2.3500e+00  3.0259e+05
 -2.2500e+00  3.0374e+05
 -2.1500e+00  3.0297e+05
 -2.0500e+00  3.0188e+05
 -1.9500e+00  3.0243e+05
 -1.8500e+00  3.0130e+05
 -1.7500e+00  2.9938e+05
 -1.6500e+00  2.9891e+05
 -1.5500e+00  2.9710e+05
 -1.4500e+00  2.9566e+05
 -1.3500e+00  2.9340e+05
 -1.2500e+00  2.9172e+05
 -1.1500e+00  2.8819e+05
 -1.0500e+00  2.8688e+05
 -9.5000e-01  2.8282e+05
 -8.5000e-01  2.8055e+05
 -7.5000e-01  2.7761e+05
 -6.5000e-01  2.7558e+05
 -5.5000e-01  2.7278e+05
 -4.5000e-01  2.7030e+05
 -3.5000e-01  2.6839e+05
 -2.5000e-01  2.6659e+05
 -1.5000e-01  2.6605e+05
 -5.0000e-02  2.6582e+05
  5.0000e-02  2.6579e+05
  1.5000e-01  2.6701e+05
  2.5000e-01  2.6706e+05
  3.5000e-01  2.6896e+05
  4.5000e-01  2.7112e+05
  5.5000e-01  2.7244e+05
  6.5000e-01  2.7550e+05
  7.5000e-01  2.7794e+05
  8.5000e-01  2.8153e+05
  9.5000e-01  2.8360e+05
  1.0500e+00  2.8567e+05
  1.1500e+00  2.8822e+05
  1.2500e+00  2.9099e+05
  1.3500e+00  2.9384e+05
  1.4500e+00  2.9510e+05
  1.5500e+00  2.9669e+05
  1.6500e+00  2.9927e+05
  1.7500e+00  2.9977e+05
  1.8500e+00  3.0155e+05
  1.9500e+00  3.0196e+05
  2.0500e+00  3.0330e+05
  2.1500e+00  3.0357e+05
  2.2500e+00  3.0305e+05
  2.3500e+00  3.0158e+05
  2.4500e+00  3.0272e+05
  2.5500e+00  3.0096e+05
  2.6500e+00  3.0198e+05
  2.7500e+00  3.0150e+05
  2.8500e+00  2.9981e+05
  2.9500e+00  2.9928e+05
  3.0500e+00  2.9845e+05
  3.1500e+00  2.9618e+05
  3.2500e+00  2.9686e+05
  3.3500e+00  2.9493e+05
  3.4500e+00  2.9381e+05
  3.5500e+00  2.9136e+05
  3.6500e+00  2.9050e+05
  3.7500e+00  2.8928e+05
  3.8500e+00  2.8747e+05
  3.9500e+00  2.8465e+05
  4.0500e+00  2.8274e+05
  4.1500e+00  2.8096e+05
  4.2500e+00  2.7993e+05
  4.3500e+00  2.7708e+05
  4.4500e+00  2.7624e+05
  4.5500e+00  2.7292e+05
  4.6500e+00  2.7077e+05
  4.7500e+00  2.6982e+05
  4.8500e+00  2.6700e+05
  4.9500e+00  2.6575e+05
