 -4.9500e+00  2.3852e+04
 -4.8500e+00  2.4085e+04
 -4.7500e+00  2.4609e+04
 -4.6500e+00  2.4383e+04
 -4.5500e+00  2.4915e+04
 -4.4500e+00  2.5091e+04
 -4.3500e+00  2.5162e+04
 -4.2500e+00  2.5529e+04
 -4.1500e+00  2.5435e+04
 -4.0500e+00  2.5698e+04
 -3.9500e+00  2.6017e+04
 -3.8500e+00  2.5930e+04
 -3.7500e+00  2.6078e+04
 -3.6500e+00  2.6340e+04
 -3.5500e+00  2.6331e+04
 -3.4500e+00  2.6656e+04
 -3.3500e+00  2.6724e+04
 -3.2500e+00  2.6929e+04
 -3.1500e+00  2.6968e+04
 -3.0500e+00  2.7066e+04
 -2.9500e+00  2.7279e+04
 -2.8500e+00  2.7552e+04
 -2.7500e+00  2.7301e+04
 -2.6500e+00  2.7196e+04
 -2.5500e+00  2.7339e+04
 -2.4500e+00  2.6881e+04
 -2.3500e+00  2.6898e+04
 -2.2500e+00  2.7125e+04
 -2.1500e+00  2.6978e+04
 -2.0500e+00  2.6808e+04
 -1.9500e+00  2.6557e+04
 -1.8500e+00  2.6411e+04
 -1.7500e+00  2.6181e+04
 -1.6500e+00  2.5684e+04
 -1.5500e+00  2.5354e+04
 -1.4500e+00  2.4840e+04
 -1.3500e+00  2.4683e+04
 -1.2500e+00  2.4018e+04
 -1.1500e+00  2.3522e+04
 -1.0500e+00  2.3192e+04
 -9.5000e-01  2.2910e+04
 -8.5000e-01  2.2301e+04
 -7.5000e-01  2.1496e+04
 -6.5000e-01  2.1228e+04
 -5.5000e-01  2.0665e+04
 -4.5000e-01  2.0249e+04
 -3.5000e-01  2.0289e+04
 -2.5000e-01  1.9818e+04
 -1.5000e-01  1.9769e+04
 -5.0000e-02  1.9744e+04
  5.0000e-02  1.9758e+04
  1.5000e-01  2.0053e+04
  2.5000e-01  1.9921e+04
  3.5000e-01  2.0127e+04
  4.5000e-01  2.0338e+04
  5.5000e-01  2.0770e+04
  6.5000e-01  2.1341e+04
  7.5000e-01  2.1365e+04
  8.5000e-01  2.2058e+04
  9.5000e-01  2.2686e+04
  1.0500e+00  2.3202e+04
  1.1500e+00  2.3666e+04
  1.2500e+00  2.3785e+04
  1.3500e+00  2.4372e+04
  1.4500e+00  2.4976e+04
  1.5500e+00  2.5130e+04
  1.6500e+00  2.5724e+04
  1.7500e+00  2.5893e+04
  1.8500e+00  2.6335e+04
  1.9500e+00  2.6454e+04
  2.0500e+00  2.6882e+04
  2.1500e+00  2.7039e+04
  2.2500e+00  2.7144e+04
  2.3500e+00  2.6873e+04
  2.4500e+00  2.7465e+04
  2.5500e+00  2.6835e+04
  2.6500e+00  2.7310e+04
  2.7500e+00  2.7183e+04
  2.8500e+00  2.6865e+04
  2.9500e+00  2.6945e+04
  3.0500e+00  2.7061e+04
  3.1500e+00  2.6935e+04
  3.2500e+00  2.7192e+04
  3.3500e+00  2.6763e+04
  3.4500e+00  2.6897e+04
  3.5500e+00  2.6821e+04
  3.6500e+00  2.6464e+04
  3.7500e+00  2.6457e+04
  3.8500e+00  2.6031e+04
  3.9500e+00  2.5816e+04
  4.0500e+00  2.5662e+04
  4.1500e+00  2.5458e+04
  4.2500e+00  2.5462e+04
  4.3500e+00  2.5047e+04
  4.4500e+00  2.4818e+04
  4.5500e+00  2.4618e+04
  4.6500e+00  2.4567e+04
  4.7500e+00  2.4543e+04
  4.8500e+00  2.4098e+04
  4.9500e+00  2.4008e+04
