 -4.9500e+00  2.8689e+04
 -4.8500e+00  2.9152e+04
 -4.7500e+00  2.9376e+04
 -4.6500e+00  2.9498e+04
 -4.5500e+00  3.0150e+04
 -4.4500e+00  3.0585e+04
 -4.3500e+00  3.0710e+04
 -4.2500e+00  3.0985e+04
 -4.1500e+00  3.1402e+04
 -4.0500e+00  3.1559e+04
 -3.9500e+00  3.2067e+04
 -3.8500e+00  3.2083e+04
 -3.7500e+00  3.2650e+04
 -3.6500e+00  3.2998e+04
 -3.5500e+00  3.3166e+04
 -3.4500e+00  3.3090e+04
 -3.3500e+00  3.3390e+04
 -3.2500e+00  3.3984e+04
 -3.1500e+00  3.3680e+04
 -3.0500e+00  3.4241e+04
 -2.9500e+00  3.4024e+04
 -2.8500e+00  3.4103e+04
 -2.7500e+00  3.4323e+04
 -2.6500e+00  3.4407e+04
 -2.5500e+00  3.4561e+04
 -2.4500e+00  3.4611e+04
 -2.3500e+00  3.4434e+04
 -2.2500e+00  3.4479e+04
 -2.1500e+00  3.4625e+04
 -2.0500e+00  3.4016e+04
 -1.9500e+00  3.3800e+04
 -1.8500e+00  3.3898e+04
 -1.7500e+00  3.3396e+04
 -1.6500e+00  3.3208e+04
 -1.5500e+00  3.2773e+04
 -1.4500e+00  3.2098e+04
 -1.3500e+00  3.1530e+04
 -1.2500e+00  3.1388e+04
 -1.1500e+00  3.0440e+04
 -1.0500e+00  2.9603e+04
 -9.5000e-01  2.9310e+04
 -8.5000e-01  2.8557e+04
 -7.5000e-01  2.8252e+04
 -6.5000e-01  2.7794e+04
 -5.5000e-01  2.7360e+04
 -4.5000e-01  2.6649e+04
 -3.5000e-01  2.6532e+04
 -2.5000e-01  2.5943e+04
 -1.5000e-01  2.5998e+04
 -5.0000e-02  2.5578e+04
  5.0000e-02  2.5795e+04
  1.5000e-01  2.5910e+04
  2.5000e-01  2.6090e+04
  3.5000e-01  2.6178e+04
  4.5000e-01  2.6480e+04
  5.5000e-01  2.6990e+04
  6.5000e-01  2.7767e+04
  7.5000e-01  2.8299e+04
  8.5000e-01  2.8951e+04
  9.5000e-01  2.9265e+04
  1.0500e+00  2.9947e+04
  1.1500e+00  3.0758e+04
  1.2500e+00  3.1300e+04
  1.3500e+00  3.1229e+04
  1.4500e+00  3.2536e+04
  1.5500e+00  3.2609e+04
  1.6500e+00  3.2928e+04
  1.7500e+00  3.3292e+04
  1.8500e+00  3.3654e+04
  1.9500e+00  3.4127e+04
  2.0500e+00  3.4199e+04
  2.1500e+00  3.4025e+04
  2.2500e+00  3.4546e+04
  2.3500e+00  3.4594e+04
  2.4500e+00  3.4657e+04
  2.5500e+00  3.4346e+04
  2.6500e+00  3.4864e+04
  2.7500e+00  3.4317e+04
  2.8500e+00  3.4343e+04
  2.9500e+00  3.4161e+04
  3.0500e+00  3.3906e+04
  3.1500e+00  3.4290e+04
  3.2500e+00  3.3733e+04
  3.3500e+00  3.3732e+04
  3.4500e+00  3.3615e+04
  3.5500e+00  3.3144e+04
  3.6500e+00  3.3102e+04
  3.7500e+00  3.2786e+04
  3.8500e+00  3.1951e+04
  3.9500e+00  3.2165e+04
  4.0500e+00  3.1685e+04
  4.1500e+00  3.1320e+04
  4.2500e+00  3.1122e+04
  4.3500e+00  3.0528e+04
  4.4500e+00  3.0387e+04
  4.5500e+00  2.9953e+04
  4.6500e+00  2.9816e+04
  4.7500e+00  2.9076e+04
  4.8500e+00  2.8783e+04
  4.9500e+00  2.8698e+04
