 -4.9500e+00  1.5416e+04
 -4.8500e+00  1.6015e+04
 -4.7500e+00  1.6926e+04
 -4.6500e+00  1.7423e+04
 -4.5500e+00  1.7964e+04
 -4.4500e+00  1.8366e+04
 -4.3500e+00  1.9032e+04
 -4.2500e+00  1.9506e+04
 -4.1500e+00  2.0331e+04
 -4.0500e+00  2.0708e+04
 -3.9500e+00  2.1211e+04
 -3.8500e+00  2.1893e+04
 -3.7500e+00  2.2278e+04
 -3.6500e+00  2.2868e+04
 -3.5500e+00  2.3683e+04
 -3.4500e+00  2.4082e+04
 -3.3500e+00  2.4890e+04
 -3.2500e+00  2.5255e+04
 -3.1500e+00  2.5249e+04
 -3.0500e+00  2.5928e+04
 -2.9500e+00  2.6415e+04
 -2.8500e+00  2.7186e+04
 -2.7500e+00  2.7613e+04
 -2.6500e+00  2.7970e+04
 -2.5500e+00  2.8667e+04
 -2.4500e+00  2.8872e+04
 -2.3500e+00  2.9129e+04
 -2.2500e+00  2.9434e+04
 -2.1500e+00  2.9605e+04
 -2.0500e+00  3.0441e+04
 -1.9500e+00  3.0514e+04
 -1.8500e+00  3.0909e+04
 -1.7500e+00  3.1048e+04
 -1.6500e+00  3.1278e+04
 -1.5500e+00  3.1539e+04
 -1.4500e+00  3.1911e+04
 -1.3500e+00  3.1661e+04
 -1.2500e+00  3.2349e+04
 -1.1500e+00  3.2341e+04
 -1.0500e+00  3.2620e+04
 -9.5000e-01  3.2573e+04
 -8.5000e-01  3.2709e+04
 -7.5000e-01  3.2444e+04
 -6.5000e-01  3.2678e+04
 -5.5000e-01  3.2759e+04
 -4.5000e-01  3.2436e+04
 -3.5000e-01  3.3071e+04
 -2.5000e-01  3.2416e+04
 -1.5000e-01  3.2882e+04
 -5.0000e-02  3.2616e+04
  5.0000e-02  3.2866e+04
  1.5000e-01  3.2722e+04
  2.5000e-01  3.2547e+04
  3.5000e-01  3.3140e+04
  4.5000e-01  3.2762e+04
  5.5000e-01  3.2433e+04
  6.5000e-01  3.2473e+04
  7.5000e-01  3.3125e+04
  8.5000e-01  3.2674e+04
  9.5000e-01  3.2760e+04
  1.0500e+00  3.2461e+04
  1.1500e+00  3.2742e+04
  1.2500e+00  3.2300e+04
  1.3500e+00  3.2163e+04
  1.4500e+00  3.2288e+04
  1.5500e+00  3.1666e+04
  1.6500e+00  3.1628e+04
  1.7500e+00  3.1267e+04
  1.8500e+00  3.1242e+04
  1.9500e+00  3.0608e+04
  2.0500e+00  3.0138e+04
  2.1500e+00  3.0157e+04
  2.2500e+00  2.9446e+04
  2.3500e+00  2.9040e+04
  2.4500e+00  2.9045e+04
  2.5500e+00  2.8213e+04
  2.6500e+00  2.8060e+04
  2.7500e+00  2.7538e+04
  2.8500e+00  2.7060e+04
  2.9500e+00  2.7000e+04
  3.0500e+00  2.6064e+04
  3.1500e+00  2.5735e+04
  3.2500e+00  2.5247e+04
  3.3500e+00  2.4663e+04
  3.4500e+00  2.4326e+04
  3.5500e+00  2.3593e+04
  3.6500e+00  2.2967e+04
  3.7500e+00  2.2315e+04
  3.8500e+00  2.2037e+04
  3.9500e+00  2.1249e+04
  4.0500e+00  2.0854e+04
  4.1500e+00  2.0199e+04
  4.2500e+00  1.9686e+04
  4.3500e+00  1.9075e+04
  4.4500e+00  1.8532e+04
  4.5500e+00  1.7851e+04
  4.6500e+00  1.7293e+04
  4.7500e+00  1.6798e+04
  4.8500e+00  1.6443e+04
  4.9500e+00  1.5576e+04
