 -4.9500e+00  3.1026e+05
 -4.8500e+00  3.1416e+05
 -4.7500e+00  3.1654e+05
 -4.6500e+00  3.1998e+05
 -4.5500e+00  3.2385e+05
 -4.4500e+00  3.2777e+05
 -4.3500e+00  3.2981e+05
 -4.2500e+00  3.3463e+05
 -4.1500e+00  3.3661e+05
 -4.0500e+00  3.3972e+05
 -3.9500e+00  3.4405e+05
 -3.8500e+00  3.4543e+05
 -3.7500e+00  3.4885e+05
 -3.6500e+00  3.5163e+05
 -3.5500e+00  3.5420e+05
 -3.4500e+00  3.5598e+05
 -3.3500e+00  3.5945e+05
 -3.2500e+00  3.6184e+05
 -3.1500e+00  3.6485e+05
 -3.0500e+00  3.6646e+05
 -2.9500e+00  3.6680e+05
 -2.8500e+00  3.6996e+05
 -2.7500e+00  3.7187e+05
 -2.6500e+00  3.7199e+05
 -2.5500e+00  3.7415e+05
 -2.4500e+00  3.7553e+05
 -2.3500e+00  3.7599e+05
 -2.2500e+00  3.7566e+05
 -2.1500e+00  3.7765e+05
 -2.0500e+00  3.7588e+05
 -1.9500e+00  3.7672e+05
 -1.8500e+00  3.7658e+05
 -1.7500e+00  3.7412e+05
 -1.6500e+00  3.7329e+05
 -1.5500e+00  3.7135e+05
 -1.4500e+00  3.6960e+05
 -1.3500e+00  3.6784e+05
 -1.2500e+00  3.6626e+05
 -1.1500e+00  3.6276e+05
 -1.0500e+00  3.5961e+05
 -9.5000e-01  3.5636e+05
 -8.5000e-01  3.5285e+05
 -7.5000e-01  3.4991e+05
 -6.5000e-01  3.4775e+05
 -5.5000e-01  3.4442e+05
 -4.5000e-01  3.4170e+05
 -3.5000e-01  3.3972e+05
 -2.5000e-01  3.3663e+05
 -1.5000e-01  3.3576e+05
 -5.0000e-02  3.3576e+05
  5.0000e-02  3.3509e+05
  1.5000e-01  3.3697e+05
  2.5000e-01  3.3628e+05
  3.5000e-01  3.3970e+05
  4.5000e-01  3.4140e+05
  5.5000e-01  3.4460e+05
  6.5000e-01  3.4758e+05
  7.5000e-01  3.5070e+05
  8.5000e-01  3.5259e+05
  9.5000e-01  3.5671e+05
  1.0500e+00  3.5878e+05
  1.1500e+00  3.6321e+05
  1.2500e+00  3.6516e+05
  1.3500e+00  3.6843e+05
  1.4500e+00  3.7023e+05
  1.5500e+00  3.7063e+05
  1.6500e+00  3.7317e+05
  1.7500e+00  3.7525e+05
  1.8500e+00  3.7512e+05
  1.9500e+00  3.7665e+05
  2.0500e+00  3.7750e+05
  2.1500e+00  3.7584e+05
  2.2500e+00  3.7530e+05
  2.3500e+00  3.7551e+05
  2.4500e+00  3.7369e+05
  2.5500e+00  3.7319e+05
  2.6500e+00  3.7338e+05
  2.7500e+00  3.7116e+05
  2.8500e+00  3.6884e+05
  2.9500e+00  3.6767e+05
  3.0500e+00  3.6577e+05
  3.1500e+00  3.6402e+05
  3.2500e+00  3.6179e+05
  3.3500e+00  3.5932e+05
  3.4500e+00  3.5839e+05
  3.5500e+00  3.5409e+05
  3.6500e+00  3.5159e+05
  3.7500e+00  3.4947e+05
  3.8500e+00  3.4593e+05
  3.9500e+00  3.4234e+05
  4.0500e+00  3.3993e+05
  4.1500e+00  3.3696e+05
  4.2500e+00  3.3324e+05
  4.3500e+00  3.2945e+05
  4.4500e+00  3.2640e+05
  4.5500e+00  3.2275e+05
  4.6500e+00  3.2015e+05
  4.7500e+00  3.1578e+05
  4.8500e+00  3.1236e+05
  4.9500e+00  3.0858e+05
