 -4.9500e+00  2.7100e+02
 -4.8500e+00  2.4200e+02
 -4.7500e+00  2.7000e+02
 -4.6500e+00  2.7600e+02
 -4.5500e+00  3.1000e+02
 -4.4500e+00  2.9300e+02
 -4.3500e+00  3.0500e+02
 -4.2500e+00  3.2600e+02
 -4.1500e+00  3.4700e+02
 -4.0500e+00  3.4000e+02
 -3.9500e+00  3.4900e+02
 -3.8500e+00  4.0100e+02
 -3.7500e+00  3.5600e+02
 -3.6500e+00  3.7300e+02
 -3.5500e+00  3.6600e+02
 -3.4500e+00  4.0600e+02
 -3.3500e+00  4.2600e+02
 -3.2500e+00  4.0900e+02
 -3.1500e+00  4.3800e+02
 -3.0500e+00  4.2900e+02
 -2.9500e+00  4.5600e+02
 -2.8500e+00  4.8900e+02
 -2.7500e+00  4.5100e+02
 -2.6500e+00  4.8300e+02
 -2.5500e+00  4.6500e+02
 -2.4500e+00  5.1500e+02
 -2.3500e+00  4.9400e+02
 -2.2500e+00  4.4600e+02
 -2.1500e+00  4.5000e+02
 -2.0500e+00  4.4700e+02
 -1.9500e+00  4.9100e+02
 -1.8500e+00  4.3100e+02
 -1.7500e+00  4.6700e+02
 -1.6500e+00  5.0100e+02
 -1.5500e+00  4.8000e+02
 -1.4500e+00  5.0800e+02
 -1.3500e+00  4.9900e+02
 -1.2500e+00  4.4700e+02
 -1.1500e+00  4.6700e+02
 -1.0500e+00  4.8300e+02
 -9.5000e-01  4.6300e+02
 -8.5000e-01  4.3400e+02
 -7.5000e-01  4.3700e+02
 -6.5000e-01  4.3600e+02
 -5.5000e-01  4.1500e+02
 -4.5000e-01  3.9600e+02
 -3.5000e-01  3.7200e+02
 -2.5000e-01  3.8300e+02
 -1.5000e-01  3.9200e+02
 -5.0000e-02  3.9000e+02
  5.0000e-02  3.8700e+02
  1.5000e-01  3.9200e+02
  2.5000e-01  3.8000e+02
  3.5000e-01  3.6900e+02
  4.5000e-01  4.5700e+02
  5.5000e-01  4.3700e+02
  6.5000e-01  4.2000e+02
  7.5000e-01  4.0900e+02
  8.5000e-01  4.1800e+02
  9.5000e-01  4.7500e+02
  1.0500e+00  4.2900e+02
  1.1500e+00  4.4700e+02
  1.2500e+00  4.6800e+02
  1.3500e+00  4.5200e+02
  1.4500e+00  4.6600e+02
  1.5500e+00  4.7100e+02
  1.6500e+00  4.7500e+02
  1.7500e+00  4.8700e+02
  1.8500e+00  4.7600e+02
  1.9500e+00  4.7200e+02
  2.0500e+00  4.9200e+02
  2.1500e+00  5.2500e+02
  2.2500e+00  4.5000e+02
  2.3500e+00  4.8900e+02
  2.4500e+00  4.8700e+02
  2.5500e+00  4.6700e+02
  2.6500e+00  4.8900e+02
  2.7500e+00  4.5600e+02
  2.8500e+00  4.3700e+02
  2.9500e+00  4.4200e+02
  3.0500e+00  4.4000e+02
  3.1500e+00  4.1600e+02
  3.2500e+00  4.1100e+02
  3.3500e+00  4.2000e+02
  3.4500e+00  4.2900e+02
  3.5500e+00  3.5500e+02
  3.6500e+00  3.8600e+02
  3.7500e+00  3.5500e+02
  3.8500e+00  3.4900e+02
  3.9500e+00  3.4600e+02
  4.0500e+00  3.6100e+02
  4.1500e+00  3.1500e+02
  4.2500e+00  3.3200e+02
  4.3500e+00  3.5300e+02
  4.4500e+00  3.2500e+02
  4.5500e+00  2.9900e+02
  4.6500e+00  2.9500e+02
  4.7500e+00  2.5000e+02
  4.8500e+00  2.6400e+02
  4.9500e+00  2.4400e+02
