 -4.9500e+00  3.7900e+02
 -4.8500e+00  3.9700e+02
 -4.7500e+00  4.6600e+02
 -4.6500e+00  4.8200e+02
 -4.5500e+00  4.8100e+02
 -4.4500e+00  4.8400e+02
 -4.3500e+00  4.8800e+02
 -4.2500e+00  5.2100e+02
 -4.1500e+00  5.3300e+02
 -4.0500e+00  5.1800e+02
 -3.9500e+00  5.6800e+02
 -3.8500e+00  5.4600e+02
 -3.7500e+00  5.8000e+02
 -3.6500e+00  5.9200e+02
 -3.5500e+00  6.1500e+02
 -3.4500e+00  6.4000e+02
 -3.3500e+00  6.2700e+02
 -3.2500e+00  6.4500e+02
 -3.1500e+00  6.3300e+02
 -3.0500e+00  6.1400e+02
 -2.9500e+00  6.6000e+02
 -2.8500e+00  6.4300e+02
 -2.7500e+00  7.1700e+02
 -2.6500e+00  7.0900e+02
 -2.5500e+00  7.1600e+02
 -2.4500e+00  6.6200e+02
 -2.3500e+00  6.8400e+02
 -2.2500e+00  6.9600e+02
 -2.1500e+00  6.2500e+02
 -2.0500e+00  6.6100e+02
 -1.9500e+00  6.8600e+02
 -1.8500e+00  6.7300e+02
 -1.7500e+00  7.0400e+02
 -1.6500e+00  6.8000e+02
 -1.5500e+00  6.5400e+02
 -1.4500e+00  6.4500e+02
 -1.3500e+00  6.3200e+02
 -1.2500e+00  6.4600e+02
 -1.1500e+00  6.2500e+02
 -1.0500e+00  6.5300e+02
 -9.5000e-01  5.8300e+02
 -8.5000e-01  5.3300e+02
 -7.5000e-01  5.6500e+02
 -6.5000e-01  5.8400e+02
 -5.5000e-01  5.5400e+02
 -4.5000e-01  5.7300e+02
 -3.5000e-01  4.9500e+02
 -2.5000e-01  5.0300e+02
 -1.5000e-01  5.2100e+02
 -5.0000e-02  5.1600e+02
  5.0000e-02  5.0200e+02
  1.5000e-01  5.4200e+02
  2.5000e-01  5.5000e+02
  3.5000e-01  5.2500e+02
  4.5000e-01  5.5300e+02
  5.5000e-01  5.3200e+02
  6.5000e-01  5.7000e+02
  7.5000e-01  5.5000e+02
  8.5000e-01  6.1400e+02
  9.5000e-01  6.1100e+02
  1.0500e+00  6.3100e+02
  1.1500e+00  6.6000e+02
  1.2500e+00  6.3300e+02
  1.3500e+00  5.9300e+02
  1.4500e+00  6.5800e+02
  1.5500e+00  6.1700e+02
  1.6500e+00  6.4600e+02
  1.7500e+00  7.1300e+02
  1.8500e+00  6.7700e+02
  1.9500e+00  7.3600e+02
  2.0500e+00  6.9200e+02
  2.1500e+00  6.8800e+02
  2.2500e+00  6.5400e+02
  2.3500e+00  6.9100e+02
  2.4500e+00  6.2500e+02
  2.5500e+00  6.4100e+02
  2.6500e+00  6.5300e+02
  2.7500e+00  6.6200e+02
  2.8500e+00  6.6500e+02
  2.9500e+00  6.5000e+02
  3.0500e+00  6.2200e+02
  3.1500e+00  6.5100e+02
  3.2500e+00  6.2000e+02
  3.3500e+00  6.3700e+02
  3.4500e+00  6.3500e+02
  3.5500e+00  6.6800e+02
  3.6500e+00  5.8800e+02
  3.7500e+00  5.5300e+02
  3.8500e+00  5.6100e+02
  3.9500e+00  5.7500e+02
  4.0500e+00  5.4000e+02
  4.1500e+00  5.0200e+02
  4.2500e+00  4.9500e+02
  4.3500e+00  4.9200e+02
  4.4500e+00  4.7900e+02
  4.5500e+00  4.8700e+02
  4.6500e+00  4.6100e+02
  4.7500e+00  4.3100e+02
  4.8500e+00  4.4700e+02
  4.9500e+00  4.0400e+02
