  0.0000e+00  2.8154e+05
  1.0000e+00  7.4040e+03
  2.0000e+00  5.7590e+03
  3.0000e+00  5.1320e+03
  4.0000e+00  5.1390e+03
  5.0000e+00  5.3620e+03
  6.0000e+00  5.5930e+03
  7.0000e+00  5.8930e+03
  8.0000e+00  6.2310e+03
  9.0000e+00  6.2390e+03
  1.0000e+01  6.8660e+03
  1.1000e+01  7.2860e+03
  1.2000e+01  8.0120e+03
  1.3000e+01  8.7610e+03
  1.4000e+01  9.7370e+03
  1.5000e+01  1.0764e+04
  1.6000e+01  1.1771e+04
  1.7000e+01  1.2668e+04
  1.8000e+01  1.3483e+04
  1.9000e+01  1.3926e+04
  2.0000e+01  1.4412e+04
  2.1000e+01  1.4179e+04
  2.2000e+01  1.4017e+04
  2.3000e+01  1.3759e+04
  2.4000e+01  1.3151e+04
  2.5000e+01  1.2631e+04
  2.6000e+01  1.2126e+04
  2.7000e+01  1.1422e+04
  2.8000e+01  1.0855e+04
  2.9000e+01  1.0247e+04
  3.0000e+01  9.6850e+03
  3.1000e+01  9.0280e+03
  3.2000e+01  8.4680e+03
  3.3000e+01  7.8740e+03
  3.4000e+01  7.4070e+03
  3.5000e+01  7.0710e+03
  3.6000e+01  6.8110e+03
  3.7000e+01  6.4710e+03
  3.8000e+01  6.2750e+03
  3.9000e+01  6.1750e+03
  4.0000e+01  5.7940e+03
  4.1000e+01  5.6810e+03
  4.2000e+01  5.3690e+03
  4.3000e+01  5.3840e+03
  4.4000e+01  5.2680e+03
  4.5000e+01  5.1180e+03
  4.6000e+01  5.0440e+03
  4.7000e+01  5.0470e+03
  4.8000e+01  4.8920e+03
  4.9000e+01  4.8140e+03
  5.0000e+01  4.7830e+03
  5.1000e+01  4.6210e+03
  5.2000e+01  4.5170e+03
  5.3000e+01  4.5270e+03
  5.4000e+01  4.4600e+03
  5.5000e+01  4.2870e+03
  5.6000e+01  4.1420e+03
  5.7000e+01  4.1280e+03
  5.8000e+01  4.0300e+03
  5.9000e+01  3.9590e+03
  6.0000e+01  3.9620e+03
  6.1000e+01  3.9300e+03
  6.2000e+01  3.8500e+03
  6.3000e+01  3.6450e+03
  6.4000e+01  3.6500e+03
  6.5000e+01  3.6040e+03
  6.6000e+01  3.5480e+03
  6.7000e+01  3.4410e+03
  6.8000e+01  3.3690e+03
  6.9000e+01  3.2950e+03
  7.0000e+01  3.3030e+03
  7.1000e+01  3.3870e+03
  7.2000e+01  3.2240e+03
  7.3000e+01  3.1110e+03
  7.4000e+01  3.0130e+03
  7.5000e+01  3.1300e+03
  7.6000e+01  2.9560e+03
  7.7000e+01  2.9110e+03
  7.8000e+01  2.8860e+03
  7.9000e+01  2.8790e+03
  8.0000e+01  2.8330e+03
  8.1000e+01  2.7680e+03
  8.2000e+01  2.8080e+03
  8.3000e+01  2.7050e+03
  8.4000e+01  2.6930e+03
  8.5000e+01  2.6520e+03
  8.6000e+01  2.5420e+03
  8.7000e+01  2.5070e+03
  8.8000e+01  2.5250e+03
  8.9000e+01  2.5210e+03
  9.0000e+01  2.5630e+03
  9.1000e+01  2.3880e+03
  9.2000e+01  2.4170e+03
  9.3000e+01  2.4260e+03
  9.4000e+01  2.3880e+03
  9.5000e+01  2.3090e+03
  9.6000e+01  2.2520e+03
  9.7000e+01  2.2600e+03
  9.8000e+01  2.2680e+03
  9.9000e+01  2.2930e+03
  1.0000e+02  2.2440e+03
  1.0100e+02  2.1070e+03
  1.0200e+02  2.1050e+03
  1.0300e+02  2.1170e+03
  1.0400e+02  2.0210e+03
  1.0500e+02  2.0310e+03
  1.0600e+02  2.0260e+03
  1.0700e+02  2.1100e+03
  1.0800e+02  1.9550e+03
  1.0900e+02  1.9460e+03
  1.1000e+02  1.9840e+03
  1.1100e+02  1.9370e+03
  1.1200e+02  1.8310e+03
  1.1300e+02  1.7690e+03
  1.1400e+02  1.8250e+03
  1.1500e+02  1.8790e+03
  1.1600e+02  1.8180e+03
  1.1700e+02  1.7710e+03
  1.1800e+02  1.8290e+03
  1.1900e+02  1.7670e+03
  1.2000e+02  1.6920e+03
  1.2100e+02  1.7240e+03
  1.2200e+02  1.7530e+03
  1.2300e+02  1.7120e+03
  1.2400e+02  1.7060e+03
  1.2500e+02  1.6210e+03
  1.2600e+02  1.5440e+03
  1.2700e+02  1.7050e+03
  1.2800e+02  1.6100e+03
  1.2900e+02  1.5740e+03
  1.3000e+02  1.6210e+03
  1.3100e+02  1.5860e+03
  1.3200e+02  1.5170e+03
  1.3300e+02  1.4690e+03
  1.3400e+02  1.5310e+03
  1.3500e+02  1.4520e+03
  1.3600e+02  1.4710e+03
  1.3700e+02  1.4110e+03
  1.3800e+02  1.4320e+03
  1.3900e+02  1.3970e+03
  1.4000e+02  1.3960e+03
  1.4100e+02  1.3410e+03
  1.4200e+02  1.3490e+03
  1.4300e+02  1.3450e+03
  1.4400e+02  1.2770e+03
  1.4500e+02  1.3460e+03
  1.4600e+02  1.2590e+03
  1.4700e+02  1.2850e+03
  1.4800e+02  1.2690e+03
  1.4900e+02  1.2330e+03
  1.5000e+02  1.2400e+03
  1.5100e+02  1.2070e+03
  1.5200e+02  1.2070e+03
  1.5300e+02  1.1550e+03
  1.5400e+02  1.1220e+03
  1.5500e+02  1.1130e+03
  1.5600e+02  1.0980e+03
  1.5700e+02  1.0790e+03
  1.5800e+02  1.0910e+03
  1.5900e+02  1.0850e+03
  1.6000e+02  1.0920e+03
  1.6100e+02  1.0350e+03
  1.6200e+02  1.0570e+03
  1.6300e+02  9.8900e+02
  1.6400e+02  1.0050e+03
  1.6500e+02  1.0050e+03
  1.6600e+02  9.3600e+02
  1.6700e+02  9.2800e+02
  1.6800e+02  9.4800e+02
  1.6900e+02  9.3300e+02
  1.7000e+02  8.8800e+02
  1.7100e+02  8.8100e+02
  1.7200e+02  9.4400e+02
  1.7300e+02  8.4700e+02
  1.7400e+02  8.4900e+02
  1.7500e+02  8.4300e+02
  1.7600e+02  8.2000e+02
  1.7700e+02  8.4800e+02
  1.7800e+02  7.7600e+02
  1.7900e+02  8.0300e+02
  1.8000e+02  7.8000e+02
  1.8100e+02  7.5800e+02
  1.8200e+02  7.8500e+02
  1.8300e+02  7.4900e+02
  1.8400e+02  7.3600e+02
  1.8500e+02  6.8900e+02
  1.8600e+02  7.8500e+02
  1.8700e+02  6.7300e+02
  1.8800e+02  7.2600e+02
  1.8900e+02  6.6500e+02
  1.9000e+02  6.6300e+02
  1.9100e+02  6.4800e+02
  1.9200e+02  5.9800e+02
  1.9300e+02  6.0600e+02
  1.9400e+02  6.1200e+02
  1.9500e+02  5.8900e+02
  1.9600e+02  6.2800e+02
  1.9700e+02  5.4100e+02
  1.9800e+02  5.4200e+02
  1.9900e+02  5.7400e+02
  2.0000e+02  5.3100e+02
  2.0100e+02  5.1100e+02
  2.0200e+02  5.1700e+02
  2.0300e+02  4.8000e+02
  2.0400e+02  4.6000e+02
  2.0500e+02  4.8100e+02
  2.0600e+02  4.9000e+02
  2.0700e+02  4.3500e+02
  2.0800e+02  4.3700e+02
  2.0900e+02  4.4600e+02
  2.1000e+02  4.3500e+02
  2.1100e+02  4.1400e+02
  2.1200e+02  4.2100e+02
  2.1300e+02  3.8800e+02
  2.1400e+02  3.9800e+02
  2.1500e+02  3.9600e+02
  2.1600e+02  3.6900e+02
  2.1700e+02  3.7200e+02
  2.1800e+02  3.3700e+02
  2.1900e+02  3.7400e+02
  2.2000e+02  3.2700e+02
  2.2100e+02  3.4300e+02
  2.2200e+02  3.3100e+02
  2.2300e+02  3.5800e+02
  2.2400e+02  3.2500e+02
  2.2500e+02  3.1200e+02
  2.2600e+02  3.0100e+02
  2.2700e+02  2.8800e+02
  2.2800e+02  2.8000e+02
  2.2900e+02  2.8600e+02
  2.3000e+02  2.9900e+02
  2.3100e+02  2.3900e+02
  2.3200e+02  2.5200e+02
  2.3300e+02  2.4900e+02
  2.3400e+02  2.1300e+02
  2.3500e+02  2.2900e+02
  2.3600e+02  1.9800e+02
  2.3700e+02  2.0600e+02
  2.3800e+02  2.3300e+02
  2.3900e+02  1.9500e+02
  2.4000e+02  2.0000e+02
  2.4100e+02  1.7500e+02
  2.4200e+02  1.7800e+02
  2.4300e+02  2.1000e+02
  2.4400e+02  1.6700e+02
  2.4500e+02  1.7800e+02
  2.4600e+02  1.7900e+02
  2.4700e+02  1.5700e+02
  2.4800e+02  1.4300e+02
  2.4900e+02  1.8200e+02
  2.5000e+02  1.4700e+02
  2.5100e+02  1.3700e+02
  2.5200e+02  1.4300e+02
  2.5300e+02  1.5500e+02
  2.5400e+02  1.4400e+02
  2.5500e+02  1.2900e+02
  2.5600e+02  1.2600e+02
  2.5700e+02  1.2300e+02
  2.5800e+02  1.0600e+02
  2.5900e+02  1.2300e+02
  2.6000e+02  1.2300e+02
  2.6100e+02  1.0100e+02
  2.6200e+02  9.9000e+01
  2.6300e+02  9.9000e+01
  2.6400e+02  1.1300e+02
  2.6500e+02  1.1200e+02
  2.6600e+02  9.7000e+01
  2.6700e+02  8.2000e+01
  2.6800e+02  7.4000e+01
  2.6900e+02  8.7000e+01
  2.7000e+02  8.0000e+01
  2.7100e+02  8.4000e+01
  2.7200e+02  7.7000e+01
  2.7300e+02  6.5000e+01
  2.7400e+02  8.0000e+01
  2.7500e+02  7.5000e+01
  2.7600e+02  6.2000e+01
  2.7700e+02  6.9000e+01
  2.7800e+02  7.6000e+01
  2.7900e+02  6.5000e+01
  2.8000e+02  5.2000e+01
  2.8100e+02  5.8000e+01
  2.8200e+02  5.6000e+01
  2.8300e+02  5.5000e+01
  2.8400e+02  3.8000e+01
  2.8500e+02  4.0000e+01
  2.8600e+02  3.9000e+01
  2.8700e+02  4.1000e+01
  2.8800e+02  4.5000e+01
  2.8900e+02  3.8000e+01
  2.9000e+02  4.6000e+01
  2.9100e+02  4.0000e+01
  2.9200e+02  3.5000e+01
  2.9300e+02  3.4000e+01
  2.9400e+02  3.4000e+01
  2.9500e+02  2.6000e+01
  2.9600e+02  3.9000e+01
  2.9700e+02  3.1000e+01
  2.9800e+02  2.8000e+01
  2.9900e+02  2.6000e+01
  3.0000e+02  2.9000e+01
  3.0100e+02  3.3000e+01
  3.0200e+02  2.6000e+01
  3.0300e+02  2.1000e+01
  3.0400e+02  1.6000e+01
  3.0500e+02  1.6000e+01
  3.0600e+02  1.9000e+01
  3.0700e+02  2.0000e+01
  3.0800e+02  1.5000e+01
  3.0900e+02  2.4000e+01
  3.1000e+02  2.0000e+01
  3.1100e+02  1.1000e+01
  3.1200e+02  2.4000e+01
  3.1300e+02  2.3000e+01
  3.1400e+02  2.1000e+01
  3.1500e+02  1.6000e+01
  3.1600e+02  2.3000e+01
  3.1700e+02  1.4000e+01
  3.1800e+02  1.3000e+01
  3.1900e+02  1.1000e+01
  3.2000e+02  1.4000e+01
  3.2100e+02  1.0000e+01
  3.2200e+02  1.2000e+01
  3.2300e+02  8.0000e+00
  3.2400e+02  1.1000e+01
  3.2500e+02  1.2000e+01
  3.2600e+02  4.0000e+00
  3.2700e+02  7.0000e+00
  3.2800e+02  1.2000e+01
  3.2900e+02  8.0000e+00
  3.3000e+02  9.0000e+00
  3.3100e+02  5.0000e+00
  3.3200e+02  3.0000e+00
  3.3300e+02  2.0000e+00
  3.3400e+02  8.0000e+00
  3.3500e+02  4.0000e+00
  3.3600e+02  9.0000e+00
  3.3700e+02  6.0000e+00
  3.3800e+02  2.0000e+00
  3.3900e+02  9.0000e+00
  3.4000e+02  2.0000e+00
  3.4100e+02  1.0000e+00
  3.4200e+02  6.0000e+00
  3.4300e+02  6.0000e+00
  3.4400e+02  3.0000e+00
  3.4500e+02  3.0000e+00
  3.4600e+02  3.0000e+00
  3.4700e+02  4.0000e+00
  3.4800e+02  2.0000e+00
  3.4900e+02  4.0000e+00
  3.5000e+02  1.0000e+00
  3.5100e+02  2.0000e+00
  3.5200e+02  6.0000e+00
  3.5300e+02  3.0000e+00
  3.5400e+02  3.0000e+00
  3.5500e+02  4.0000e+00
  3.5600e+02  3.0000e+00
  3.5700e+02  2.0000e+00
  3.5800e+02  2.0000e+00
  3.5900e+02  1.0000e+00
  3.6000e+02  6.0000e+00
  3.6100e+02  2.0000e+00
  3.6200e+02  3.0000e+00
  3.6300e+02  0.0000e+00
  3.6400e+02  0.0000e+00
  3.6500e+02  2.0000e+00
  3.6600e+02  1.0000e+00
  3.6700e+02  1.0000e+00
  3.6800e+02  1.0000e+00
  3.6900e+02  0.0000e+00
  3.7000e+02  0.0000e+00
  3.7100e+02  2.0000e+00
  3.7200e+02  1.0000e+00
  3.7300e+02  0.0000e+00
  3.7400e+02  0.0000e+00
  3.7500e+02  0.0000e+00
  3.7600e+02  3.0000e+00
  3.7700e+02  0.0000e+00
  3.7800e+02  1.0000e+00
  3.7900e+02  0.0000e+00
  3.8000e+02  0.0000e+00
  3.8100e+02  0.0000e+00
  3.8200e+02  0.0000e+00
  3.8300e+02  1.0000e+00
  3.8400e+02  0.0000e+00
  3.8500e+02  1.0000e+00
  3.8600e+02  1.0000e+00
  3.8700e+02  0.0000e+00
  3.8800e+02  0.0000e+00
  3.8900e+02  0.0000e+00
  3.9000e+02  0.0000e+00
  3.9100e+02  1.0000e+00
  3.9200e+02  0.0000e+00
  3.9300e+02  0.0000e+00
  3.9400e+02  0.0000e+00
  3.9500e+02  0.0000e+00
  3.9600e+02  1.0000e+00
  3.9700e+02  0.0000e+00
  3.9800e+02  0.0000e+00
  3.9900e+02  0.0000e+00
  4.0000e+02  0.0000e+00
  4.0100e+02  0.0000e+00
  4.0200e+02  0.0000e+00
  4.0300e+02  1.0000e+00
  4.0400e+02  0.0000e+00
  4.0500e+02  0.0000e+00
  4.0600e+02  0.0000e+00
  4.0700e+02  0.0000e+00
  4.0800e+02  1.0000e+00
  4.0900e+02  0.0000e+00
  4.1000e+02  0.0000e+00
  4.1100e+02  0.0000e+00
  4.1200e+02  0.0000e+00
  4.1300e+02  0.0000e+00
  4.1400e+02  0.0000e+00
  4.1500e+02  1.0000e+00
  4.1600e+02  0.0000e+00
  4.1700e+02  0.0000e+00
  4.1800e+02  0.0000e+00
  4.1900e+02  0.0000e+00
  4.2000e+02  0.0000e+00
  4.2100e+02  0.0000e+00
  4.2200e+02  0.0000e+00
  4.2300e+02  0.0000e+00
  4.2400e+02  0.0000e+00
  4.2500e+02  0.0000e+00
  4.2600e+02  1.0000e+00
  4.2700e+02  0.0000e+00
  4.2800e+02  0.0000e+00
  4.2900e+02  0.0000e+00
  4.3000e+02  0.0000e+00
  4.3100e+02  0.0000e+00
  4.3200e+02  0.0000e+00
  4.3300e+02  0.0000e+00
  4.3400e+02  0.0000e+00
  4.3500e+02  0.0000e+00
  4.3600e+02  0.0000e+00
  4.3700e+02  0.0000e+00
  4.3800e+02  0.0000e+00
  4.3900e+02  0.0000e+00
  4.4000e+02  0.0000e+00
  4.4100e+02  0.0000e+00
  4.4200e+02  0.0000e+00
  4.4300e+02  0.0000e+00
  4.4400e+02  0.0000e+00
  4.4500e+02  0.0000e+00
  4.4600e+02  0.0000e+00
  4.4700e+02  0.0000e+00
  4.4800e+02  0.0000e+00
  4.4900e+02  0.0000e+00
  4.5000e+02  0.0000e+00
  4.5100e+02  0.0000e+00
  4.5200e+02  0.0000e+00
  4.5300e+02  0.0000e+00
  4.5400e+02  0.0000e+00
  4.5500e+02  0.0000e+00
  4.5600e+02  0.0000e+00
  4.5700e+02  0.0000e+00
  4.5800e+02  0.0000e+00
  4.5900e+02  0.0000e+00
  4.6000e+02  0.0000e+00
  4.6100e+02  0.0000e+00
  4.6200e+02  0.0000e+00
  4.6300e+02  0.0000e+00
  4.6400e+02  0.0000e+00
  4.6500e+02  0.0000e+00
  4.6600e+02  0.0000e+00
  4.6700e+02  0.0000e+00
  4.6800e+02  0.0000e+00
  4.6900e+02  0.0000e+00
  4.7000e+02  0.0000e+00
  4.7100e+02  0.0000e+00
  4.7200e+02  0.0000e+00
  4.7300e+02  0.0000e+00
  4.7400e+02  0.0000e+00
  4.7500e+02  0.0000e+00
  4.7600e+02  0.0000e+00
  4.7700e+02  0.0000e+00
  4.7800e+02  0.0000e+00
  4.7900e+02  0.0000e+00
  4.8000e+02  0.0000e+00
  4.8100e+02  0.0000e+00
  4.8200e+02  0.0000e+00
  4.8300e+02  0.0000e+00
  4.8400e+02  0.0000e+00
  4.8500e+02  0.0000e+00
  4.8600e+02  0.0000e+00
  4.8700e+02  0.0000e+00
  4.8800e+02  0.0000e+00
  4.8900e+02  0.0000e+00
  4.9000e+02  0.0000e+00
  4.9100e+02  0.0000e+00
  4.9200e+02  0.0000e+00
  4.9300e+02  0.0000e+00
  4.9400e+02  0.0000e+00
  4.9500e+02  0.0000e+00
  4.9600e+02  0.0000e+00
  4.9700e+02  0.0000e+00
  4.9800e+02  0.0000e+00
  4.9900e+02  0.0000e+00
