 -4.9500e+00  4.1500e+02
 -4.8500e+00  4.3900e+02
 -4.7500e+00  4.6400e+02
 -4.6500e+00  5.1200e+02
 -4.5500e+00  4.7700e+02
 -4.4500e+00  5.2400e+02
 -4.3500e+00  5.6200e+02
 -4.2500e+00  5.4600e+02
 -4.1500e+00  5.4700e+02
 -4.0500e+00  5.8500e+02
 -3.9500e+00  6.1900e+02
 -3.8500e+00  5.8800e+02
 -3.7500e+00  6.2600e+02
 -3.6500e+00  6.2300e+02
 -3.5500e+00  6.8500e+02
 -3.4500e+00  6.5400e+02
 -3.3500e+00  6.8300e+02
 -3.2500e+00  6.9000e+02
 -3.1500e+00  6.7400e+02
 -3.0500e+00  7.2400e+02
 -2.9500e+00  7.4900e+02
 -2.8500e+00  7.3500e+02
 -2.7500e+00  7.5000e+02
 -2.6500e+00  6.9800e+02
 -2.5500e+00  7.1800e+02
 -2.4500e+00  7.5400e+02
 -2.3500e+00  7.5900e+02
 -2.2500e+00  7.4300e+02
 -2.1500e+00  7.4400e+02
 -2.0500e+00  7.9300e+02
 -1.9500e+00  7.7100e+02
 -1.8500e+00  7.0600e+02
 -1.7500e+00  7.2000e+02
 -1.6500e+00  7.6800e+02
 -1.5500e+00  7.4900e+02
 -1.4500e+00  7.6000e+02
 -1.3500e+00  7.1900e+02
 -1.2500e+00  7.2400e+02
 -1.1500e+00  6.6200e+02
 -1.0500e+00  6.5800e+02
 -9.5000e-01  7.2500e+02
 -8.5000e-01  6.2100e+02
 -7.5000e-01  6.7300e+02
 -6.5000e-01  6.9400e+02
 -5.5000e-01  6.1400e+02
 -4.5000e-01  6.5000e+02
 -3.5000e-01  6.3100e+02
 -2.5000e-01  6.0500e+02
 -1.5000e-01  6.2300e+02
 -5.0000e-02  5.9600e+02
  5.0000e-02  6.3400e+02
  1.5000e-01  6.2300e+02
  2.5000e-01  5.7100e+02
  3.5000e-01  6.2800e+02
  4.5000e-01  6.3500e+02
  5.5000e-01  5.9200e+02
  6.5000e-01  6.1600e+02
  7.5000e-01  6.7400e+02
  8.5000e-01  6.8700e+02
  9.5000e-01  7.0700e+02
  1.0500e+00  7.0400e+02
  1.1500e+00  6.9600e+02
  1.2500e+00  7.4800e+02
  1.3500e+00  7.4600e+02
  1.4500e+00  7.4100e+02
  1.5500e+00  7.2000e+02
  1.6500e+00  7.7700e+02
  1.7500e+00  7.1500e+02
  1.8500e+00  6.9600e+02
  1.9500e+00  7.3000e+02
  2.0500e+00  6.9600e+02
  2.1500e+00  7.6300e+02
  2.2500e+00  7.7200e+02
  2.3500e+00  7.4600e+02
  2.4500e+00  7.2100e+02
  2.5500e+00  6.9200e+02
  2.6500e+00  7.1400e+02
  2.7500e+00  7.2800e+02
  2.8500e+00  7.3500e+02
  2.9500e+00  7.1300e+02
  3.0500e+00  7.2600e+02
  3.1500e+00  7.2700e+02
  3.2500e+00  6.6400e+02
  3.3500e+00  6.5900e+02
  3.4500e+00  6.9500e+02
  3.5500e+00  6.0400e+02
  3.6500e+00  6.3200e+02
  3.7500e+00  5.8900e+02
  3.8500e+00  6.6800e+02
  3.9500e+00  5.8400e+02
  4.0500e+00  5.7700e+02
  4.1500e+00  5.8500e+02
  4.2500e+00  5.8000e+02
  4.3500e+00  5.6000e+02
  4.4500e+00  5.0900e+02
  4.5500e+00  5.2900e+02
  4.6500e+00  5.0900e+02
  4.7500e+00  4.7900e+02
  4.8500e+00  4.2300e+02
  4.9500e+00  4.2500e+02
