  0.0000e+00  3.5582e+05
  1.0000e+00  7.9891e+04
  2.0000e+00  8.1351e+04
  3.0000e+00  7.0517e+04
  4.0000e+00  5.9431e+04
  5.0000e+00  4.8189e+04
  6.0000e+00  3.9354e+04
  7.0000e+00  3.2826e+04
  8.0000e+00  2.8356e+04
  9.0000e+00  2.4285e+04
  1.0000e+01  2.1582e+04
  1.1000e+01  1.9005e+04
  1.2000e+01  1.6961e+04
  1.3000e+01  1.5282e+04
  1.4000e+01  1.3562e+04
  1.5000e+01  1.2311e+04
  1.6000e+01  1.0913e+04
  1.7000e+01  9.6140e+03
  1.8000e+01  8.6470e+03
  1.9000e+01  7.7650e+03
  2.0000e+01  6.8490e+03
  2.1000e+01  5.9920e+03
  2.2000e+01  5.1300e+03
  2.3000e+01  4.3690e+03
  2.4000e+01  3.8270e+03
  2.5000e+01  3.2170e+03
  2.6000e+01  2.7590e+03
  2.7000e+01  2.2820e+03
  2.8000e+01  1.8780e+03
  2.9000e+01  1.5360e+03
  3.0000e+01  1.2400e+03
  3.1000e+01  1.0740e+03
  3.2000e+01  9.2700e+02
  3.3000e+01  7.0300e+02
  3.4000e+01  5.7200e+02
  3.5000e+01  4.6700e+02
  3.6000e+01  3.7200e+02
  3.7000e+01  2.6800e+02
  3.8000e+01  2.1800e+02
  3.9000e+01  1.6900e+02
  4.0000e+01  1.1500e+02
  4.1000e+01  8.6000e+01
  4.2000e+01  8.6000e+01
  4.3000e+01  5.4000e+01
  4.4000e+01  3.8000e+01
  4.5000e+01  3.5000e+01
  4.6000e+01  2.1000e+01
  4.7000e+01  2.1000e+01
  4.8000e+01  1.0000e+01
  4.9000e+01  6.0000e+00
  5.0000e+01  4.0000e+00
  5.1000e+01  5.0000e+00
  5.2000e+01  2.0000e+00
  5.3000e+01  0.0000e+00
  5.4000e+01  1.0000e+00
  5.5000e+01  1.0000e+00
  5.6000e+01  1.0000e+00
  5.7000e+01  0.0000e+00
  5.8000e+01  0.0000e+00
  5.9000e+01  1.0000e+00
  6.0000e+01  0.0000e+00
  6.1000e+01  0.0000e+00
  6.2000e+01  0.0000e+00
  6.3000e+01  0.0000e+00
  6.4000e+01  0.0000e+00
  6.5000e+01  0.0000e+00
  6.6000e+01  0.0000e+00
  6.7000e+01  0.0000e+00
  6.8000e+01  0.0000e+00
  6.9000e+01  0.0000e+00
  7.0000e+01  0.0000e+00
  7.1000e+01  0.0000e+00
  7.2000e+01  0.0000e+00
  7.3000e+01  0.0000e+00
  7.4000e+01  0.0000e+00
  7.5000e+01  0.0000e+00
  7.6000e+01  0.0000e+00
  7.7000e+01  0.0000e+00
  7.8000e+01  0.0000e+00
  7.9000e+01  0.0000e+00
  8.0000e+01  0.0000e+00
  8.1000e+01  0.0000e+00
  8.2000e+01  0.0000e+00
  8.3000e+01  0.0000e+00
  8.4000e+01  0.0000e+00
  8.5000e+01  0.0000e+00
  8.6000e+01  0.0000e+00
  8.7000e+01  0.0000e+00
  8.8000e+01  0.0000e+00
  8.9000e+01  0.0000e+00
  9.0000e+01  0.0000e+00
  9.1000e+01  0.0000e+00
  9.2000e+01  0.0000e+00
  9.3000e+01  0.0000e+00
  9.4000e+01  0.0000e+00
  9.5000e+01  0.0000e+00
  9.6000e+01  0.0000e+00
  9.7000e+01  0.0000e+00
  9.8000e+01  0.0000e+00
  9.9000e+01  0.0000e+00
