 -4.9500e+00  1.2030e+03
 -4.8500e+00  1.2190e+03
 -4.7500e+00  1.2350e+03
 -4.6500e+00  1.2770e+03
 -4.5500e+00  1.2480e+03
 -4.4500e+00  1.2860e+03
 -4.3500e+00  1.3480e+03
 -4.2500e+00  1.4280e+03
 -4.1500e+00  1.3600e+03
 -4.0500e+00  1.3700e+03
 -3.9500e+00  1.4030e+03
 -3.8500e+00  1.4350e+03
 -3.7500e+00  1.4110e+03
 -3.6500e+00  1.4920e+03
 -3.5500e+00  1.4130e+03
 -3.4500e+00  1.4000e+03
 -3.3500e+00  1.5680e+03
 -3.2500e+00  1.5170e+03
 -3.1500e+00  1.5190e+03
 -3.0500e+00  1.5440e+03
 -2.9500e+00  1.5050e+03
 -2.8500e+00  1.5140e+03
 -2.7500e+00  1.5090e+03
 -2.6500e+00  1.5520e+03
 -2.5500e+00  1.5890e+03
 -2.4500e+00  1.5920e+03
 -2.3500e+00  1.5670e+03
 -2.2500e+00  1.5780e+03
 -2.1500e+00  1.5390e+03
 -2.0500e+00  1.5340e+03
 -1.9500e+00  1.5900e+03
 -1.8500e+00  1.4980e+03
 -1.7500e+00  1.5800e+03
 -1.6500e+00  1.5230e+03
 -1.5500e+00  1.5740e+03
 -1.4500e+00  1.4870e+03
 -1.3500e+00  1.4760e+03
 -1.2500e+00  1.3920e+03
 -1.1500e+00  1.5030e+03
 -1.0500e+00  1.4410e+03
 -9.5000e-01  1.3550e+03
 -8.5000e-01  1.3450e+03
 -7.5000e-01  1.3500e+03
 -6.5000e-01  1.3250e+03
 -5.5000e-01  1.2160e+03
 -4.5000e-01  1.2770e+03
 -3.5000e-01  1.3420e+03
 -2.5000e-01  1.2330e+03
 -1.5000e-01  1.2300e+03
 -5.0000e-02  1.2030e+03
  5.0000e-02  1.2700e+03
  1.5000e-01  1.2430e+03
  2.5000e-01  1.1880e+03
  3.5000e-01  1.1900e+03
  4.5000e-01  1.2360e+03
  5.5000e-01  1.2860e+03
  6.5000e-01  1.3590e+03
  7.5000e-01  1.2310e+03
  8.5000e-01  1.3360e+03
  9.5000e-01  1.4450e+03
  1.0500e+00  1.3600e+03
  1.1500e+00  1.4170e+03
  1.2500e+00  1.4390e+03
  1.3500e+00  1.4470e+03
  1.4500e+00  1.6010e+03
  1.5500e+00  1.4470e+03
  1.6500e+00  1.5490e+03
  1.7500e+00  1.4700e+03
  1.8500e+00  1.4840e+03
  1.9500e+00  1.5660e+03
  2.0500e+00  1.5150e+03
  2.1500e+00  1.6040e+03
  2.2500e+00  1.5500e+03
  2.3500e+00  1.6530e+03
  2.4500e+00  1.5440e+03
  2.5500e+00  1.5790e+03
  2.6500e+00  1.5160e+03
  2.7500e+00  1.4890e+03
  2.8500e+00  1.5220e+03
  2.9500e+00  1.4730e+03
  3.0500e+00  1.5440e+03
  3.1500e+00  1.5350e+03
  3.2500e+00  1.5240e+03
  3.3500e+00  1.4930e+03
  3.4500e+00  1.3770e+03
  3.5500e+00  1.4320e+03
  3.6500e+00  1.5550e+03
  3.7500e+00  1.4840e+03
  3.8500e+00  1.4620e+03
  3.9500e+00  1.3600e+03
  4.0500e+00  1.3570e+03
  4.1500e+00  1.3550e+03
  4.2500e+00  1.3370e+03
  4.3500e+00  1.3220e+03
  4.4500e+00  1.3460e+03
  4.5500e+00  1.2880e+03
  4.6500e+00  1.3030e+03
  4.7500e+00  1.2270e+03
  4.8500e+00  1.2810e+03
  4.9500e+00  1.1810e+03
