 -4.9500e+00  4.2490e+05
 -4.8500e+00  4.3421e+05
 -4.7500e+00  4.4097e+05
 -4.6500e+00  4.4804e+05
 -4.5500e+00  4.5619e+05
 -4.4500e+00  4.6304e+05
 -4.3500e+00  4.7045e+05
 -4.2500e+00  4.7836e+05
 -4.1500e+00  4.8555e+05
 -4.0500e+00  4.9027e+05
 -3.9500e+00  4.9706e+05
 -3.8500e+00  5.0262e+05
 -3.7500e+00  5.0749e+05
 -3.6500e+00  5.1273e+05
 -3.5500e+00  5.1945e+05
 -3.4500e+00  5.2543e+05
 -3.3500e+00  5.2969e+05
 -3.2500e+00  5.3455e+05
 -3.1500e+00  5.3790e+05
 -3.0500e+00  5.4310e+05
 -2.9500e+00  5.4610e+05
 -2.8500e+00  5.5037e+05
 -2.7500e+00  5.5430e+05
 -2.6500e+00  5.5642e+05
 -2.5500e+00  5.5800e+05
 -2.4500e+00  5.6175e+05
 -2.3500e+00  5.6385e+05
 -2.2500e+00  5.6669e+05
 -2.1500e+00  5.6751e+05
 -2.0500e+00  5.6750e+05
 -1.9500e+00  5.6636e+05
 -1.8500e+00  5.6805e+05
 -1.7500e+00  5.6894e+05
 -1.6500e+00  5.6584e+05
 -1.5500e+00  5.6607e+05
 -1.4500e+00  5.6201e+05
 -1.3500e+00  5.5988e+05
 -1.2500e+00  5.5729e+05
 -1.1500e+00  5.5308e+05
 -1.0500e+00  5.4982e+05
 -9.5000e-01  5.4577e+05
 -8.5000e-01  5.4148e+05
 -7.5000e-01  5.3695e+05
 -6.5000e-01  5.3284e+05
 -5.5000e-01  5.2848e+05
 -4.5000e-01  5.2508e+05
 -3.5000e-01  5.2215e+05
 -2.5000e-01  5.1886e+05
 -1.5000e-01  5.1577e+05
 -5.0000e-02  5.1627e+05
  5.0000e-02  5.1678e+05
  1.5000e-01  5.1948e+05
  2.5000e-01  5.2206e+05
  3.5000e-01  5.2292e+05
  4.5000e-01  5.2462e+05
  5.5000e-01  5.3052e+05
  6.5000e-01  5.3286e+05
  7.5000e-01  5.3676e+05
  8.5000e-01  5.4170e+05
  9.5000e-01  5.4484e+05
  1.0500e+00  5.4979e+05
  1.1500e+00  5.5461e+05
  1.2500e+00  5.5734e+05
  1.3500e+00  5.6110e+05
  1.4500e+00  5.6526e+05
  1.5500e+00  5.6541e+05
  1.6500e+00  5.6807e+05
  1.7500e+00  5.6794e+05
  1.8500e+00  5.6933e+05
  1.9500e+00  5.6815e+05
  2.0500e+00  5.6939e+05
  2.1500e+00  5.6612e+05
  2.2500e+00  5.6617e+05
  2.3500e+00  5.6499e+05
  2.4500e+00  5.6317e+05
  2.5500e+00  5.5970e+05
  2.6500e+00  5.5740e+05
  2.7500e+00  5.5486e+05
  2.8500e+00  5.5201e+05
  2.9500e+00  5.4626e+05
  3.0500e+00  5.4343e+05
  3.1500e+00  5.3825e+05
  3.2500e+00  5.3494e+05
  3.3500e+00  5.2898e+05
  3.4500e+00  5.2346e+05
  3.5500e+00  5.1867e+05
  3.6500e+00  5.1260e+05
  3.7500e+00  5.0849e+05
  3.8500e+00  5.0263e+05
  3.9500e+00  4.9772e+05
  4.0500e+00  4.8866e+05
  4.1500e+00  4.8375e+05
  4.2500e+00  4.7766e+05
  4.3500e+00  4.7034e+05
  4.4500e+00  4.6341e+05
  4.5500e+00  4.5573e+05
  4.6500e+00  4.4885e+05
  4.7500e+00  4.4122e+05
  4.8500e+00  4.3412e+05
  4.9500e+00  4.2590e+05
