 -4.9500e+00  4.0609e+04
 -4.8500e+00  4.1750e+04
 -4.7500e+00  4.2077e+04
 -4.6500e+00  4.3159e+04
 -4.5500e+00  4.3757e+04
 -4.4500e+00  4.4422e+04
 -4.3500e+00  4.4944e+04
 -4.2500e+00  4.5606e+04
 -4.1500e+00  4.6284e+04
 -4.0500e+00  4.7319e+04
 -3.9500e+00  4.7924e+04
 -3.8500e+00  4.8049e+04
 -3.7500e+00  4.8495e+04
 -3.6500e+00  4.8584e+04
 -3.5500e+00  4.9409e+04
 -3.4500e+00  4.9930e+04
 -3.3500e+00  5.0334e+04
 -3.2500e+00  5.0810e+04
 -3.1500e+00  5.1099e+04
 -3.0500e+00  5.1622e+04
 -2.9500e+00  5.2227e+04
 -2.8500e+00  5.1745e+04
 -2.7500e+00  5.2307e+04
 -2.6500e+00  5.2569e+04
 -2.5500e+00  5.2342e+04
 -2.4500e+00  5.2497e+04
 -2.3500e+00  5.2625e+04
 -2.2500e+00  5.2813e+04
 -2.1500e+00  5.2673e+04
 -2.0500e+00  5.2848e+04
 -1.9500e+00  5.2223e+04
 -1.8500e+00  5.1896e+04
 -1.7500e+00  5.1630e+04
 -1.6500e+00  5.1186e+04
 -1.5500e+00  5.0689e+04
 -1.4500e+00  4.9832e+04
 -1.3500e+00  4.9200e+04
 -1.2500e+00  4.8808e+04
 -1.1500e+00  4.7606e+04
 -1.0500e+00  4.6806e+04
 -9.5000e-01  4.5784e+04
 -8.5000e-01  4.5104e+04
 -7.5000e-01  4.4194e+04
 -6.5000e-01  4.3891e+04
 -5.5000e-01  4.3309e+04
 -4.5000e-01  4.1905e+04
 -3.5000e-01  4.1906e+04
 -2.5000e-01  4.1207e+04
 -1.5000e-01  4.1021e+04
 -5.0000e-02  4.0515e+04
  5.0000e-02  4.1145e+04
  1.5000e-01  4.1306e+04
  2.5000e-01  4.1546e+04
  3.5000e-01  4.2028e+04
  4.5000e-01  4.2528e+04
  5.5000e-01  4.3231e+04
  6.5000e-01  4.4026e+04
  7.5000e-01  4.4347e+04
  8.5000e-01  4.5503e+04
  9.5000e-01  4.6292e+04
  1.0500e+00  4.7134e+04
  1.1500e+00  4.7795e+04
  1.2500e+00  4.9055e+04
  1.3500e+00  4.9324e+04
  1.4500e+00  4.9992e+04
  1.5500e+00  5.0533e+04
  1.6500e+00  5.1038e+04
  1.7500e+00  5.1745e+04
  1.8500e+00  5.1880e+04
  1.9500e+00  5.2176e+04
  2.0500e+00  5.2720e+04
  2.1500e+00  5.2763e+04
  2.2500e+00  5.2742e+04
  2.3500e+00  5.2693e+04
  2.4500e+00  5.3100e+04
  2.5500e+00  5.2966e+04
  2.6500e+00  5.2459e+04
  2.7500e+00  5.2336e+04
  2.8500e+00  5.2311e+04
  2.9500e+00  5.1808e+04
  3.0500e+00  5.1487e+04
  3.1500e+00  5.1478e+04
  3.2500e+00  5.1071e+04
  3.3500e+00  5.0621e+04
  3.4500e+00  5.0164e+04
  3.5500e+00  4.9585e+04
  3.6500e+00  4.9098e+04
  3.7500e+00  4.8757e+04
  3.8500e+00  4.8020e+04
  3.9500e+00  4.7614e+04
  4.0500e+00  4.6500e+04
  4.1500e+00  4.6193e+04
  4.2500e+00  4.5401e+04
  4.3500e+00  4.5063e+04
  4.4500e+00  4.4377e+04
  4.5500e+00  4.3243e+04
  4.6500e+00  4.2937e+04
  4.7500e+00  4.2259e+04
  4.8500e+00  4.1476e+04
  4.9500e+00  4.0580e+04
