  0.0000e+00  2.7016e+05
  1.0000e+00  7.0570e+03
  2.0000e+00  5.0310e+03
  3.0000e+00  4.5530e+03
  4.0000e+00  4.4720e+03
  5.0000e+00  4.3770e+03
  6.0000e+00  4.6550e+03
  7.0000e+00  4.6520e+03
  8.0000e+00  4.8390e+03
  9.0000e+00  5.0420e+03
  1.0000e+01  5.3950e+03
  1.1000e+01  5.5110e+03
  1.2000e+01  5.7350e+03
  1.3000e+01  6.0120e+03
  1.4000e+01  6.3810e+03
  1.5000e+01  6.5730e+03
  1.6000e+01  7.1370e+03
  1.7000e+01  7.7060e+03
  1.8000e+01  8.2590e+03
  1.9000e+01  9.0390e+03
  2.0000e+01  9.6440e+03
  2.1000e+01  1.0375e+04
  2.2000e+01  1.0793e+04
  2.3000e+01  1.1322e+04
  2.4000e+01  1.1970e+04
  2.5000e+01  1.2086e+04
  2.6000e+01  1.1984e+04
  2.7000e+01  1.2054e+04
  2.8000e+01  1.1768e+04
  2.9000e+01  1.1847e+04
  3.0000e+01  1.1379e+04
  3.1000e+01  1.1048e+04
  3.2000e+01  1.0670e+04
  3.3000e+01  1.0131e+04
  3.4000e+01  9.6600e+03
  3.5000e+01  8.9880e+03
  3.6000e+01  8.5910e+03
  3.7000e+01  8.0830e+03
  3.8000e+01  7.6430e+03
  3.9000e+01  7.2750e+03
  4.0000e+01  6.9720e+03
  4.1000e+01  6.5150e+03
  4.2000e+01  6.2220e+03
  4.3000e+01  5.9190e+03
  4.4000e+01  5.7320e+03
  4.5000e+01  5.2690e+03
  4.6000e+01  5.3870e+03
  4.7000e+01  5.0780e+03
  4.8000e+01  4.8950e+03
  4.9000e+01  4.7540e+03
  5.0000e+01  4.6250e+03
  5.1000e+01  4.5850e+03
  5.2000e+01  4.5370e+03
  5.3000e+01  4.3920e+03
  5.4000e+01  4.3870e+03
  5.5000e+01  4.3290e+03
  5.6000e+01  4.2340e+03
  5.7000e+01  4.1050e+03
  5.8000e+01  4.1860e+03
  5.9000e+01  4.1390e+03
  6.0000e+01  3.9680e+03
  6.1000e+01  3.9190e+03
  6.2000e+01  3.9020e+03
  6.3000e+01  3.8170e+03
  6.4000e+01  3.6990e+03
  6.5000e+01  3.7570e+03
  6.6000e+01  3.6200e+03
  6.7000e+01  3.7120e+03
  6.8000e+01  3.5210e+03
  6.9000e+01  3.5080e+03
  7.0000e+01  3.4730e+03
  7.1000e+01  3.4130e+03
  7.2000e+01  3.3830e+03
  7.3000e+01  3.2810e+03
  7.4000e+01  3.2780e+03
  7.5000e+01  3.0270e+03
  7.6000e+01  3.1260e+03
  7.7000e+01  3.0920e+03
  7.8000e+01  3.0590e+03
  7.9000e+01  2.9980e+03
  8.0000e+01  2.9800e+03
  8.1000e+01  2.8570e+03
  8.2000e+01  2.7990e+03
  8.3000e+01  2.7770e+03
  8.4000e+01  2.7540e+03
  8.5000e+01  2.7480e+03
  8.6000e+01  2.6420e+03
  8.7000e+01  2.6320e+03
  8.8000e+01  2.5700e+03
  8.9000e+01  2.6220e+03
  9.0000e+01  2.5830e+03
  9.1000e+01  2.5140e+03
  9.2000e+01  2.5130e+03
  9.3000e+01  2.4280e+03
  9.4000e+01  2.4530e+03
  9.5000e+01  2.4050e+03
  9.6000e+01  2.3840e+03
  9.7000e+01  2.3400e+03
  9.8000e+01  2.3030e+03
  9.9000e+01  2.2620e+03
  1.0000e+02  2.2350e+03
  1.0100e+02  2.3130e+03
  1.0200e+02  2.2550e+03
  1.0300e+02  2.1930e+03
  1.0400e+02  2.1790e+03
  1.0500e+02  2.1170e+03
  1.0600e+02  2.1210e+03
  1.0700e+02  2.2150e+03
  1.0800e+02  2.0540e+03
  1.0900e+02  2.0760e+03
  1.1000e+02  2.0380e+03
  1.1100e+02  2.0060e+03
  1.1200e+02  2.0070e+03
  1.1300e+02  1.9550e+03
  1.1400e+02  1.9190e+03
  1.1500e+02  1.9720e+03
  1.1600e+02  1.9020e+03
  1.1700e+02  1.9130e+03
  1.1800e+02  1.8440e+03
  1.1900e+02  1.7980e+03
  1.2000e+02  1.8600e+03
  1.2100e+02  1.9130e+03
  1.2200e+02  1.8570e+03
  1.2300e+02  1.8130e+03
  1.2400e+02  1.8530e+03
  1.2500e+02  1.7120e+03
  1.2600e+02  1.7460e+03
  1.2700e+02  1.7520e+03
  1.2800e+02  1.7340e+03
  1.2900e+02  1.6310e+03
  1.3000e+02  1.6380e+03
  1.3100e+02  1.6080e+03
  1.3200e+02  1.6540e+03
  1.3300e+02  1.6940e+03
  1.3400e+02  1.6220e+03
  1.3500e+02  1.4820e+03
  1.3600e+02  1.5480e+03
  1.3700e+02  1.4950e+03
  1.3800e+02  1.5720e+03
  1.3900e+02  1.5050e+03
  1.4000e+02  1.5910e+03
  1.4100e+02  1.5210e+03
  1.4200e+02  1.5130e+03
  1.4300e+02  1.5260e+03
  1.4400e+02  1.4520e+03
  1.4500e+02  1.4500e+03
  1.4600e+02  1.4860e+03
  1.4700e+02  1.4360e+03
  1.4800e+02  1.4540e+03
  1.4900e+02  1.4070e+03
  1.5000e+02  1.3950e+03
  1.5100e+02  1.4070e+03
  1.5200e+02  1.3920e+03
  1.5300e+02  1.2960e+03
  1.5400e+02  1.3090e+03
  1.5500e+02  1.3430e+03
  1.5600e+02  1.3430e+03
  1.5700e+02  1.2570e+03
  1.5800e+02  1.2910e+03
  1.5900e+02  1.2530e+03
  1.6000e+02  1.2790e+03
  1.6100e+02  1.2600e+03
  1.6200e+02  1.1870e+03
  1.6300e+02  1.2590e+03
  1.6400e+02  1.1260e+03
  1.6500e+02  1.1870e+03
  1.6600e+02  1.1570e+03
  1.6700e+02  1.1300e+03
  1.6800e+02  1.1670e+03
  1.6900e+02  1.0580e+03
  1.7000e+02  1.1280e+03
  1.7100e+02  1.1550e+03
  1.7200e+02  1.1840e+03
  1.7300e+02  1.0540e+03
  1.7400e+02  1.0820e+03
  1.7500e+02  1.1290e+03
  1.7600e+02  1.0500e+03
  1.7700e+02  1.0160e+03
  1.7800e+02  1.0170e+03
  1.7900e+02  1.0750e+03
  1.8000e+02  1.0290e+03
  1.8100e+02  1.0120e+03
  1.8200e+02  9.9200e+02
  1.8300e+02  1.0080e+03
  1.8400e+02  1.0330e+03
  1.8500e+02  9.8700e+02
  1.8600e+02  1.0030e+03
  1.8700e+02  1.0000e+03
  1.8800e+02  9.2300e+02
  1.8900e+02  9.3800e+02
  1.9000e+02  9.5100e+02
  1.9100e+02  8.9600e+02
  1.9200e+02  9.1600e+02
  1.9300e+02  8.6700e+02
  1.9400e+02  9.0100e+02
  1.9500e+02  8.8800e+02
  1.9600e+02  8.5300e+02
  1.9700e+02  8.4200e+02
  1.9800e+02  8.3600e+02
  1.9900e+02  8.0500e+02
  2.0000e+02  7.6400e+02
  2.0100e+02  8.1500e+02
  2.0200e+02  8.1400e+02
  2.0300e+02  7.9000e+02
  2.0400e+02  7.5700e+02
  2.0500e+02  7.9400e+02
  2.0600e+02  7.5800e+02
  2.0700e+02  7.4700e+02
  2.0800e+02  6.9800e+02
  2.0900e+02  7.7200e+02
  2.1000e+02  7.0500e+02
  2.1100e+02  7.4100e+02
  2.1200e+02  6.8700e+02
  2.1300e+02  7.0100e+02
  2.1400e+02  6.5900e+02
  2.1500e+02  7.0700e+02
  2.1600e+02  6.1800e+02
  2.1700e+02  6.5500e+02
  2.1800e+02  6.6400e+02
  2.1900e+02  6.3200e+02
  2.2000e+02  6.0000e+02
  2.2100e+02  6.0900e+02
  2.2200e+02  6.1100e+02
  2.2300e+02  5.8200e+02
  2.2400e+02  5.7000e+02
  2.2500e+02  6.0100e+02
  2.2600e+02  5.6800e+02
  2.2700e+02  5.6000e+02
  2.2800e+02  5.3400e+02
  2.2900e+02  5.6000e+02
  2.3000e+02  5.1200e+02
  2.3100e+02  4.9100e+02
  2.3200e+02  5.2900e+02
  2.3300e+02  5.1300e+02
  2.3400e+02  5.2900e+02
  2.3500e+02  4.8800e+02
  2.3600e+02  4.9900e+02
  2.3700e+02  4.6100e+02
  2.3800e+02  4.2700e+02
  2.3900e+02  4.6000e+02
  2.4000e+02  4.5300e+02
  2.4100e+02  4.5600e+02
  2.4200e+02  4.6400e+02
  2.4300e+02  4.0800e+02
  2.4400e+02  4.3700e+02
  2.4500e+02  4.3100e+02
  2.4600e+02  3.6700e+02
  2.4700e+02  3.9100e+02
  2.4800e+02  4.0000e+02
  2.4900e+02  3.9500e+02
  2.5000e+02  3.9000e+02
  2.5100e+02  3.6900e+02
  2.5200e+02  3.8500e+02
  2.5300e+02  3.4200e+02
  2.5400e+02  3.2800e+02
  2.5500e+02  3.2100e+02
  2.5600e+02  3.5600e+02
  2.5700e+02  2.8100e+02
  2.5800e+02  3.4000e+02
  2.5900e+02  3.1500e+02
  2.6000e+02  3.3500e+02
  2.6100e+02  2.9800e+02
  2.6200e+02  2.6300e+02
  2.6300e+02  3.0600e+02
  2.6400e+02  2.6400e+02
  2.6500e+02  2.6800e+02
  2.6600e+02  2.7100e+02
  2.6700e+02  2.6100e+02
  2.6800e+02  2.6600e+02
  2.6900e+02  2.5500e+02
  2.7000e+02  2.4200e+02
  2.7100e+02  2.3100e+02
  2.7200e+02  2.3000e+02
  2.7300e+02  2.4100e+02
  2.7400e+02  2.1500e+02
  2.7500e+02  1.9500e+02
  2.7600e+02  1.8500e+02
  2.7700e+02  1.8600e+02
  2.7800e+02  1.9700e+02
  2.7900e+02  1.9600e+02
  2.8000e+02  2.2100e+02
  2.8100e+02  1.9200e+02
  2.8200e+02  2.0200e+02
  2.8300e+02  1.8200e+02
  2.8400e+02  1.8700e+02
  2.8500e+02  1.6400e+02
  2.8600e+02  1.6600e+02
  2.8700e+02  1.4800e+02
  2.8800e+02  1.4600e+02
  2.8900e+02  1.5700e+02
  2.9000e+02  1.4800e+02
  2.9100e+02  1.4900e+02
  2.9200e+02  1.3600e+02
  2.9300e+02  1.2700e+02
  2.9400e+02  1.2600e+02
  2.9500e+02  1.3300e+02
  2.9600e+02  1.3800e+02
  2.9700e+02  1.1200e+02
  2.9800e+02  1.1300e+02
  2.9900e+02  1.2100e+02
  3.0000e+02  1.2700e+02
  3.0100e+02  1.0300e+02
  3.0200e+02  1.0700e+02
  3.0300e+02  8.9000e+01
  3.0400e+02  1.0500e+02
  3.0500e+02  9.3000e+01
  3.0600e+02  9.6000e+01
  3.0700e+02  9.6000e+01
  3.0800e+02  9.9000e+01
  3.0900e+02  1.0100e+02
  3.1000e+02  7.4000e+01
  3.1100e+02  6.6000e+01
  3.1200e+02  9.5000e+01
  3.1300e+02  8.2000e+01
  3.1400e+02  7.5000e+01
  3.1500e+02  7.0000e+01
  3.1600e+02  8.0000e+01
  3.1700e+02  6.7000e+01
  3.1800e+02  6.1000e+01
  3.1900e+02  7.5000e+01
  3.2000e+02  8.1000e+01
  3.2100e+02  7.6000e+01
  3.2200e+02  4.8000e+01
  3.2300e+02  5.6000e+01
  3.2400e+02  6.3000e+01
  3.2500e+02  6.3000e+01
  3.2600e+02  5.3000e+01
  3.2700e+02  4.8000e+01
  3.2800e+02  5.7000e+01
  3.2900e+02  5.1000e+01
  3.3000e+02  3.5000e+01
  3.3100e+02  4.3000e+01
  3.3200e+02  4.6000e+01
  3.3300e+02  4.0000e+01
  3.3400e+02  3.7000e+01
  3.3500e+02  3.4000e+01
  3.3600e+02  3.9000e+01
  3.3700e+02  5.1000e+01
  3.3800e+02  2.3000e+01
  3.3900e+02  3.4000e+01
  3.4000e+02  4.7000e+01
  3.4100e+02  2.5000e+01
  3.4200e+02  3.4000e+01
  3.4300e+02  2.6000e+01
  3.4400e+02  2.4000e+01
  3.4500e+02  2.8000e+01
  3.4600e+02  2.9000e+01
  3.4700e+02  3.0000e+01
  3.4800e+02  2.1000e+01
  3.4900e+02  1.7000e+01
  3.5000e+02  2.9000e+01
  3.5100e+02  1.9000e+01
  3.5200e+02  2.3000e+01
  3.5300e+02  2.4000e+01
  3.5400e+02  1.7000e+01
  3.5500e+02  1.3000e+01
  3.5600e+02  1.7000e+01
  3.5700e+02  1.1000e+01
  3.5800e+02  2.0000e+01
  3.5900e+02  1.4000e+01
  3.6000e+02  2.1000e+01
  3.6100e+02  1.4000e+01
  3.6200e+02  1.6000e+01
  3.6300e+02  1.2000e+01
  3.6400e+02  1.2000e+01
  3.6500e+02  1.2000e+01
  3.6600e+02  1.5000e+01
  3.6700e+02  1.9000e+01
  3.6800e+02  1.2000e+01
  3.6900e+02  1.4000e+01
  3.7000e+02  8.0000e+00
  3.7100e+02  1.5000e+01
  3.7200e+02  8.0000e+00
  3.7300e+02  9.0000e+00
  3.7400e+02  9.0000e+00
  3.7500e+02  1.4000e+01
  3.7600e+02  9.0000e+00
  3.7700e+02  1.0000e+01
  3.7800e+02  8.0000e+00
  3.7900e+02  6.0000e+00
  3.8000e+02  6.0000e+00
  3.8100e+02  3.0000e+00
  3.8200e+02  1.0000e+01
  3.8300e+02  8.0000e+00
  3.8400e+02  7.0000e+00
  3.8500e+02  8.0000e+00
  3.8600e+02  8.0000e+00
  3.8700e+02  9.0000e+00
  3.8800e+02  2.0000e+00
  3.8900e+02  5.0000e+00
  3.9000e+02  6.0000e+00
  3.9100e+02  8.0000e+00
  3.9200e+02  4.0000e+00
  3.9300e+02  2.0000e+00
  3.9400e+02  5.0000e+00
  3.9500e+02  1.0000e+00
  3.9600e+02  4.0000e+00
  3.9700e+02  7.0000e+00
  3.9800e+02  2.0000e+00
  3.9900e+02  8.0000e+00
