 -4.9500e+00  3.2200e+02
 -4.8500e+00  3.4200e+02
 -4.7500e+00  3.6500e+02
 -4.6500e+00  3.6300e+02
 -4.5500e+00  3.6600e+02
 -4.4500e+00  3.8400e+02
 -4.3500e+00  3.9500e+02
 -4.2500e+00  4.1800e+02
 -4.1500e+00  3.9000e+02
 -4.0500e+00  4.3500e+02
 -3.9500e+00  4.2700e+02
 -3.8500e+00  4.5000e+02
 -3.7500e+00  4.1600e+02
 -3.6500e+00  4.1000e+02
 -3.5500e+00  4.6300e+02
 -3.4500e+00  4.8300e+02
 -3.3500e+00  4.8200e+02
 -3.2500e+00  4.7300e+02
 -3.1500e+00  5.0500e+02
 -3.0500e+00  5.0400e+02
 -2.9500e+00  5.4600e+02
 -2.8500e+00  4.8600e+02
 -2.7500e+00  5.4100e+02
 -2.6500e+00  5.5100e+02
 -2.5500e+00  5.6800e+02
 -2.4500e+00  5.7200e+02
 -2.3500e+00  6.0100e+02
 -2.2500e+00  5.8100e+02
 -2.1500e+00  5.6000e+02
 -2.0500e+00  5.6500e+02
 -1.9500e+00  6.2100e+02
 -1.8500e+00  5.7800e+02
 -1.7500e+00  5.5300e+02
 -1.6500e+00  5.8700e+02
 -1.5500e+00  6.0500e+02
 -1.4500e+00  5.8300e+02
 -1.3500e+00  6.3500e+02
 -1.2500e+00  5.9900e+02
 -1.1500e+00  6.2900e+02
 -1.0500e+00  6.4200e+02
 -9.5000e-01  6.6000e+02
 -8.5000e-01  6.2900e+02
 -7.5000e-01  6.1100e+02
 -6.5000e-01  6.6800e+02
 -5.5000e-01  5.8700e+02
 -4.5000e-01  6.2400e+02
 -3.5000e-01  6.0700e+02
 -2.5000e-01  6.5100e+02
 -1.5000e-01  6.1900e+02
 -5.0000e-02  6.3100e+02
  5.0000e-02  6.6900e+02
  1.5000e-01  6.2400e+02
  2.5000e-01  6.4700e+02
  3.5000e-01  6.7000e+02
  4.5000e-01  6.4600e+02
  5.5000e-01  6.3500e+02
  6.5000e-01  6.1600e+02
  7.5000e-01  6.1300e+02
  8.5000e-01  6.2200e+02
  9.5000e-01  6.4200e+02
  1.0500e+00  6.8200e+02
  1.1500e+00  5.9900e+02
  1.2500e+00  6.3300e+02
  1.3500e+00  6.2500e+02
  1.4500e+00  6.0300e+02
  1.5500e+00  6.1300e+02
  1.6500e+00  6.1900e+02
  1.7500e+00  5.6200e+02
  1.8500e+00  6.2300e+02
  1.9500e+00  5.7700e+02
  2.0500e+00  5.5900e+02
  2.1500e+00  6.0500e+02
  2.2500e+00  5.4200e+02
  2.3500e+00  5.5500e+02
  2.4500e+00  5.4400e+02
  2.5500e+00  5.4800e+02
  2.6500e+00  5.4600e+02
  2.7500e+00  4.7300e+02
  2.8500e+00  4.8900e+02
  2.9500e+00  4.8000e+02
  3.0500e+00  5.4600e+02
  3.1500e+00  5.2500e+02
  3.2500e+00  4.9300e+02
  3.3500e+00  4.8600e+02
  3.4500e+00  4.4900e+02
  3.5500e+00  5.0000e+02
  3.6500e+00  4.6500e+02
  3.7500e+00  4.5200e+02
  3.8500e+00  4.1600e+02
  3.9500e+00  4.0600e+02
  4.0500e+00  4.2500e+02
  4.1500e+00  3.8900e+02
  4.2500e+00  4.1700e+02
  4.3500e+00  3.7600e+02
  4.4500e+00  3.6800e+02
  4.5500e+00  3.7600e+02
  4.6500e+00  3.3000e+02
  4.7500e+00  3.2200e+02
  4.8500e+00  3.2600e+02
  4.9500e+00  3.3800e+02
