 -2.9500e+00  2.7437e+05
 -2.8500e+00  2.7250e+05
 -2.7500e+00  2.7319e+05
 -2.6500e+00  2.7245e+05
 -2.5500e+00  2.7204e+05
 -2.4500e+00  2.7123e+05
 -2.3500e+00  2.6974e+05
 -2.2500e+00  2.6930e+05
 -2.1500e+00  2.6770e+05
 -2.0500e+00  2.6601e+05
 -1.9500e+00  2.6457e+05
 -1.8500e+00  2.6243e+05
 -1.7500e+00  2.6031e+05
 -1.6500e+00  2.5823e+05
 -1.5500e+00  2.5671e+05
 -1.4500e+00  2.5324e+05
 -1.3500e+00  2.5199e+05
 -1.2500e+00  2.4689e+05
 -1.1500e+00  2.4488e+05
 -1.0500e+00  2.4277e+05
 -9.5000e-01  2.4028e+05
 -8.5000e-01  2.3735e+05
 -7.5000e-01  2.3384e+05
 -6.5000e-01  2.3167e+05
 -5.5000e-01  2.2924e+05
 -4.5000e-01  2.2698e+05
 -3.5000e-01  2.2439e+05
 -2.5000e-01  2.2233e+05
 -1.5000e-01  2.2119e+05
 -5.0000e-02  2.2123e+05
  5.0000e-02  2.2044e+05
  1.5000e-01  2.2199e+05
  2.5000e-01  2.2335e+05
  3.5000e-01  2.2426e+05
  4.5000e-01  2.2657e+05
  5.5000e-01  2.2982e+05
  6.5000e-01  2.3096e+05
  7.5000e-01  2.3361e+05
  8.5000e-01  2.3767e+05
  9.5000e-01  2.3979e+05
  1.0500e+00  2.4259e+05
  1.1500e+00  2.4585e+05
  1.2500e+00  2.4872e+05
  1.3500e+00  2.5144e+05
  1.4500e+00  2.5408e+05
  1.5500e+00  2.5653e+05
  1.6500e+00  2.5898e+05
  1.7500e+00  2.6166e+05
  1.8500e+00  2.6294e+05
  1.9500e+00  2.6507e+05
  2.0500e+00  2.6634e+05
  2.1500e+00  2.6656e+05
  2.2500e+00  2.6925e+05
  2.3500e+00  2.7046e+05
  2.4500e+00  2.7094e+05
  2.5500e+00  2.7184e+05
  2.6500e+00  2.7334e+05
  2.7500e+00  2.7333e+05
  2.8500e+00  2.7462e+05
  2.9500e+00  2.7395e+05
