 -4.9500e+00  2.3924e+04
 -4.8500e+00  2.4465e+04
 -4.7500e+00  2.4369e+04
 -4.6500e+00  2.4686e+04
 -4.5500e+00  2.4561e+04
 -4.4500e+00  2.4651e+04
 -4.3500e+00  2.4444e+04
 -4.2500e+00  2.4541e+04
 -4.1500e+00  2.4761e+04
 -4.0500e+00  2.4645e+04
 -3.9500e+00  2.4730e+04
 -3.8500e+00  2.4709e+04
 -3.7500e+00  2.4970e+04
 -3.6500e+00  2.5066e+04
 -3.5500e+00  2.4848e+04
 -3.4500e+00  2.4851e+04
 -3.3500e+00  2.4740e+04
 -3.2500e+00  2.4839e+04
 -3.1500e+00  2.4819e+04
 -3.0500e+00  2.4764e+04
 -2.9500e+00  2.4712e+04
 -2.8500e+00  2.4417e+04
 -2.7500e+00  2.4243e+04
 -2.6500e+00  2.4215e+04
 -2.5500e+00  2.4031e+04
 -2.4500e+00  2.4329e+04
 -2.3500e+00  2.3745e+04
 -2.2500e+00  2.3581e+04
 -2.1500e+00  2.3386e+04
 -2.0500e+00  2.3044e+04
 -1.9500e+00  2.2845e+04
 -1.8500e+00  2.2413e+04
 -1.7500e+00  2.2084e+04
 -1.6500e+00  2.1548e+04
 -1.5500e+00  2.1313e+04
 -1.4500e+00  2.0950e+04
 -1.3500e+00  2.0409e+04
 -1.2500e+00  1.9806e+04
 -1.1500e+00  1.8986e+04
 -1.0500e+00  1.8678e+04
 -9.5000e-01  1.8450e+04
 -8.5000e-01  1.7763e+04
 -7.5000e-01  1.7252e+04
 -6.5000e-01  1.6874e+04
 -5.5000e-01  1.6549e+04
 -4.5000e-01  1.6190e+04
 -3.5000e-01  1.5721e+04
 -2.5000e-01  1.5525e+04
 -1.5000e-01  1.5508e+04
 -5.0000e-02  1.5290e+04
  5.0000e-02  1.5369e+04
  1.5000e-01  1.5565e+04
  2.5000e-01  1.5716e+04
  3.5000e-01  1.5619e+04
  4.5000e-01  1.6143e+04
  5.5000e-01  1.6714e+04
  6.5000e-01  1.6837e+04
  7.5000e-01  1.7407e+04
  8.5000e-01  1.7800e+04
  9.5000e-01  1.8278e+04
  1.0500e+00  1.8766e+04
  1.1500e+00  1.9101e+04
  1.2500e+00  1.9805e+04
  1.3500e+00  2.0424e+04
  1.4500e+00  2.0807e+04
  1.5500e+00  2.1215e+04
  1.6500e+00  2.1820e+04
  1.7500e+00  2.2015e+04
  1.8500e+00  2.2413e+04
  1.9500e+00  2.2813e+04
  2.0500e+00  2.3035e+04
  2.1500e+00  2.3186e+04
  2.2500e+00  2.3588e+04
  2.3500e+00  2.3823e+04
  2.4500e+00  2.3889e+04
  2.5500e+00  2.4513e+04
  2.6500e+00  2.4364e+04
  2.7500e+00  2.4564e+04
  2.8500e+00  2.4363e+04
  2.9500e+00  2.4824e+04
  3.0500e+00  2.4605e+04
  3.1500e+00  2.4764e+04
  3.2500e+00  2.4803e+04
  3.3500e+00  2.5025e+04
  3.4500e+00  2.4622e+04
  3.5500e+00  2.5231e+04
  3.6500e+00  2.4761e+04
  3.7500e+00  2.4607e+04
  3.8500e+00  2.4934e+04
  3.9500e+00  2.4861e+04
  4.0500e+00  2.4605e+04
  4.1500e+00  2.5091e+04
  4.2500e+00  2.4503e+04
  4.3500e+00  2.4594e+04
  4.4500e+00  2.4611e+04
  4.5500e+00  2.4200e+04
  4.6500e+00  2.4581e+04
  4.7500e+00  2.4389e+04
  4.8500e+00  2.4447e+04
  4.9500e+00  2.4127e+04
