 -4.9500e+00  2.2326e+04
 -4.8500e+00  2.2457e+04
 -4.7500e+00  2.2724e+04
 -4.6500e+00  2.2915e+04
 -4.5500e+00  2.2690e+04
 -4.4500e+00  2.2782e+04
 -4.3500e+00  2.3190e+04
 -4.2500e+00  2.2639e+04
 -4.1500e+00  2.3031e+04
 -4.0500e+00  2.2624e+04
 -3.9500e+00  2.3064e+04
 -3.8500e+00  2.2861e+04
 -3.7500e+00  2.2745e+04
 -3.6500e+00  2.3314e+04
 -3.5500e+00  2.2946e+04
 -3.4500e+00  2.2849e+04
 -3.3500e+00  2.2954e+04
 -3.2500e+00  2.3308e+04
 -3.1500e+00  2.2630e+04
 -3.0500e+00  2.2908e+04
 -2.9500e+00  2.2897e+04
 -2.8500e+00  2.2679e+04
 -2.7500e+00  2.2824e+04
 -2.6500e+00  2.2575e+04
 -2.5500e+00  2.2307e+04
 -2.4500e+00  2.2130e+04
 -2.3500e+00  2.2013e+04
 -2.2500e+00  2.1526e+04
 -2.1500e+00  2.1249e+04
 -2.0500e+00  2.1228e+04
 -1.9500e+00  2.1183e+04
 -1.8500e+00  2.0699e+04
 -1.7500e+00  2.0198e+04
 -1.6500e+00  1.9902e+04
 -1.5500e+00  1.9532e+04
 -1.4500e+00  1.8972e+04
 -1.3500e+00  1.8651e+04
 -1.2500e+00  1.8104e+04
 -1.1500e+00  1.7589e+04
 -1.0500e+00  1.6871e+04
 -9.5000e-01  1.6436e+04
 -8.5000e-01  1.6248e+04
 -7.5000e-01  1.5781e+04
 -6.5000e-01  1.5476e+04
 -5.5000e-01  1.5023e+04
 -4.5000e-01  1.4671e+04
 -3.5000e-01  1.4321e+04
 -2.5000e-01  1.4269e+04
 -1.5000e-01  1.4247e+04
 -5.0000e-02  1.4200e+04
  5.0000e-02  1.3953e+04
  1.5000e-01  1.3915e+04
  2.5000e-01  1.4304e+04
  3.5000e-01  1.4416e+04
  4.5000e-01  1.4532e+04
  5.5000e-01  1.4783e+04
  6.5000e-01  1.5265e+04
  7.5000e-01  1.5716e+04
  8.5000e-01  1.6199e+04
  9.5000e-01  1.6686e+04
  1.0500e+00  1.7207e+04
  1.1500e+00  1.7655e+04
  1.2500e+00  1.8167e+04
  1.3500e+00  1.8538e+04
  1.4500e+00  1.9053e+04
  1.5500e+00  1.9559e+04
  1.6500e+00  1.9986e+04
  1.7500e+00  2.0002e+04
  1.8500e+00  2.0466e+04
  1.9500e+00  2.0851e+04
  2.0500e+00  2.1138e+04
  2.1500e+00  2.1581e+04
  2.2500e+00  2.1963e+04
  2.3500e+00  2.2006e+04
  2.4500e+00  2.2185e+04
  2.5500e+00  2.2682e+04
  2.6500e+00  2.2489e+04
  2.7500e+00  2.2642e+04
  2.8500e+00  2.2597e+04
  2.9500e+00  2.2498e+04
  3.0500e+00  2.2927e+04
  3.1500e+00  2.2925e+04
  3.2500e+00  2.2877e+04
  3.3500e+00  2.2803e+04
  3.4500e+00  2.3009e+04
  3.5500e+00  2.2925e+04
  3.6500e+00  2.3201e+04
  3.7500e+00  2.2954e+04
  3.8500e+00  2.2948e+04
  3.9500e+00  2.2800e+04
  4.0500e+00  2.2867e+04
  4.1500e+00  2.3121e+04
  4.2500e+00  2.3017e+04
  4.3500e+00  2.2994e+04
  4.4500e+00  2.2774e+04
  4.5500e+00  2.2670e+04
  4.6500e+00  2.2745e+04
  4.7500e+00  2.2563e+04
  4.8500e+00  2.2738e+04
  4.9500e+00  2.2559e+04
