 -3.9500e+00  2.5695e+05
 -3.8500e+00  2.5757e+05
 -3.7500e+00  2.5740e+05
 -3.6500e+00  2.5802e+05
 -3.5500e+00  2.5714e+05
 -3.4500e+00  2.5639e+05
 -3.3500e+00  2.5714e+05
 -3.2500e+00  2.5670e+05
 -3.1500e+00  2.5741e+05
 -3.0500e+00  2.5551e+05
 -2.9500e+00  2.5576e+05
 -2.8500e+00  2.5532e+05
 -2.7500e+00  2.5442e+05
 -2.6500e+00  2.5357e+05
 -2.5500e+00  2.5202e+05
 -2.4500e+00  2.5211e+05
 -2.3500e+00  2.5209e+05
 -2.2500e+00  2.5037e+05
 -2.1500e+00  2.4978e+05
 -2.0500e+00  2.4736e+05
 -1.9500e+00  2.4642e+05
 -1.8500e+00  2.4356e+05
 -1.7500e+00  2.4235e+05
 -1.6500e+00  2.4023e+05
 -1.5500e+00  2.3868e+05
 -1.4500e+00  2.3604e+05
 -1.3500e+00  2.3363e+05
 -1.2500e+00  2.3029e+05
 -1.1500e+00  2.2817e+05
 -1.0500e+00  2.2525e+05
 -9.5000e-01  2.2262e+05
 -8.5000e-01  2.1881e+05
 -7.5000e-01  2.1670e+05
 -6.5000e-01  2.1445e+05
 -5.5000e-01  2.1202e+05
 -4.5000e-01  2.0986e+05
 -3.5000e-01  2.0756e+05
 -2.5000e-01  2.0592e+05
 -1.5000e-01  2.0485e+05
 -5.0000e-02  2.0498e+05
  5.0000e-02  2.0466e+05
  1.5000e-01  2.0512e+05
  2.5000e-01  2.0701e+05
  3.5000e-01  2.0755e+05
  4.5000e-01  2.1030e+05
  5.5000e-01  2.1142e+05
  6.5000e-01  2.1403e+05
  7.5000e-01  2.1668e+05
  8.5000e-01  2.2049e+05
  9.5000e-01  2.2205e+05
  1.0500e+00  2.2557e+05
  1.1500e+00  2.2761e+05
  1.2500e+00  2.3062e+05
  1.3500e+00  2.3319e+05
  1.4500e+00  2.3590e+05
  1.5500e+00  2.3869e+05
  1.6500e+00  2.4040e+05
  1.7500e+00  2.4232e+05
  1.8500e+00  2.4442e+05
  1.9500e+00  2.4565e+05
  2.0500e+00  2.4819e+05
  2.1500e+00  2.4900e+05
  2.2500e+00  2.5019e+05
  2.3500e+00  2.5135e+05
  2.4500e+00  2.5202e+05
  2.5500e+00  2.5415e+05
  2.6500e+00  2.5436e+05
  2.7500e+00  2.5482e+05
  2.8500e+00  2.5578e+05
  2.9500e+00  2.5715e+05
  3.0500e+00  2.5609e+05
  3.1500e+00  2.5689e+05
  3.2500e+00  2.5622e+05
  3.3500e+00  2.5776e+05
  3.4500e+00  2.5642e+05
  3.5500e+00  2.5638e+05
  3.6500e+00  2.5721e+05
  3.7500e+00  2.5726e+05
  3.8500e+00  2.5712e+05
  3.9500e+00  2.5703e+05
