 -4.9500e+00  2.5333e+05
 -4.8500e+00  2.5298e+05
 -4.7500e+00  2.5421e+05
 -4.6500e+00  2.5489e+05
 -4.5500e+00  2.5424e+05
 -4.4500e+00  2.5538e+05
 -4.3500e+00  2.5667e+05
 -4.2500e+00  2.5583e+05
 -4.1500e+00  2.5515e+05
 -4.0500e+00  2.5724e+05
 -3.9500e+00  2.5687e+05
 -3.8500e+00  2.5689e+05
 -3.7500e+00  2.5703e+05
 -3.6500e+00  2.5730e+05
 -3.5500e+00  2.5683e+05
 -3.4500e+00  2.5713e+05
 -3.3500e+00  2.5702e+05
 -3.2500e+00  2.5742e+05
 -3.1500e+00  2.5504e+05
 -3.0500e+00  2.5672e+05
 -2.9500e+00  2.5597e+05
 -2.8500e+00  2.5484e+05
 -2.7500e+00  2.5567e+05
 -2.6500e+00  2.5386e+05
 -2.5500e+00  2.5273e+05
 -2.4500e+00  2.5303e+05
 -2.3500e+00  2.5098e+05
 -2.2500e+00  2.5005e+05
 -2.1500e+00  2.4896e+05
 -2.0500e+00  2.4719e+05
 -1.9500e+00  2.4666e+05
 -1.8500e+00  2.4486e+05
 -1.7500e+00  2.4222e+05
 -1.6500e+00  2.4081e+05
 -1.5500e+00  2.3851e+05
 -1.4500e+00  2.3573e+05
 -1.3500e+00  2.3374e+05
 -1.2500e+00  2.3037e+05
 -1.1500e+00  2.2842e+05
 -1.0500e+00  2.2497e+05
 -9.5000e-01  2.2248e+05
 -8.5000e-01  2.1980e+05
 -7.5000e-01  2.1717e+05
 -6.5000e-01  2.1442e+05
 -5.5000e-01  2.1311e+05
 -4.5000e-01  2.0952e+05
 -3.5000e-01  2.0777e+05
 -2.5000e-01  2.0646e+05
 -1.5000e-01  2.0516e+05
 -5.0000e-02  2.0524e+05
  5.0000e-02  2.0506e+05
  1.5000e-01  2.0492e+05
  2.5000e-01  2.0634e+05
  3.5000e-01  2.0815e+05
  4.5000e-01  2.0976e+05
  5.5000e-01  2.1201e+05
  6.5000e-01  2.1390e+05
  7.5000e-01  2.1709e+05
  8.5000e-01  2.1950e+05
  9.5000e-01  2.2297e+05
  1.0500e+00  2.2559e+05
  1.1500e+00  2.2758e+05
  1.2500e+00  2.3045e+05
  1.3500e+00  2.3314e+05
  1.4500e+00  2.3697e+05
  1.5500e+00  2.3906e+05
  1.6500e+00  2.4039e+05
  1.7500e+00  2.4211e+05
  1.8500e+00  2.4441e+05
  1.9500e+00  2.4546e+05
  2.0500e+00  2.4801e+05
  2.1500e+00  2.4899e+05
  2.2500e+00  2.5082e+05
  2.3500e+00  2.5118e+05
  2.4500e+00  2.5232e+05
  2.5500e+00  2.5353e+05
  2.6500e+00  2.5400e+05
  2.7500e+00  2.5436e+05
  2.8500e+00  2.5547e+05
  2.9500e+00  2.5657e+05
  3.0500e+00  2.5659e+05
  3.1500e+00  2.5685e+05
  3.2500e+00  2.5701e+05
  3.3500e+00  2.5705e+05
  3.4500e+00  2.5792e+05
  3.5500e+00  2.5686e+05
  3.6500e+00  2.5675e+05
  3.7500e+00  2.5796e+05
  3.8500e+00  2.5752e+05
  3.9500e+00  2.5647e+05
  4.0500e+00  2.5663e+05
  4.1500e+00  2.5675e+05
  4.2500e+00  2.5723e+05
  4.3500e+00  2.5585e+05
  4.4500e+00  2.5479e+05
  4.5500e+00  2.5538e+05
  4.6500e+00  2.5412e+05
  4.7500e+00  2.5398e+05
  4.8500e+00  2.5341e+05
  4.9500e+00  2.5248e+05
