 -4.9500e+00  2.5864e+05
 -4.8500e+00  2.6039e+05
 -4.7500e+00  2.6240e+05
 -4.6500e+00  2.6393e+05
 -4.5500e+00  2.6554e+05
 -4.4500e+00  2.6730e+05
 -4.3500e+00  2.6914e+05
 -4.2500e+00  2.7037e+05
 -4.1500e+00  2.7176e+05
 -4.0500e+00  2.7195e+05
 -3.9500e+00  2.7521e+05
 -3.8500e+00  2.7493e+05
 -3.7500e+00  2.7726e+05
 -3.6500e+00  2.7747e+05
 -3.5500e+00  2.7821e+05
 -3.4500e+00  2.7996e+05
 -3.3500e+00  2.8172e+05
 -3.2500e+00  2.8230e+05
 -3.1500e+00  2.8182e+05
 -3.0500e+00  2.8336e+05
 -2.9500e+00  2.8415e+05
 -2.8500e+00  2.8504e+05
 -2.7500e+00  2.8546e+05
 -2.6500e+00  2.8548e+05
 -2.5500e+00  2.8575e+05
 -2.4500e+00  2.8503e+05
 -2.3500e+00  2.8464e+05
 -2.2500e+00  2.8448e+05
 -2.1500e+00  2.8466e+05
 -2.0500e+00  2.8238e+05
 -1.9500e+00  2.8176e+05
 -1.8500e+00  2.8188e+05
 -1.7500e+00  2.7935e+05
 -1.6500e+00  2.7731e+05
 -1.5500e+00  2.7751e+05
 -1.4500e+00  2.7474e+05
 -1.3500e+00  2.7329e+05
 -1.2500e+00  2.7027e+05
 -1.1500e+00  2.6808e+05
 -1.0500e+00  2.6569e+05
 -9.5000e-01  2.6248e+05
 -8.5000e-01  2.5983e+05
 -7.5000e-01  2.5722e+05
 -6.5000e-01  2.5561e+05
 -5.5000e-01  2.5310e+05
 -4.5000e-01  2.5009e+05
 -3.5000e-01  2.4854e+05
 -2.5000e-01  2.4664e+05
 -1.5000e-01  2.4574e+05
 -5.0000e-02  2.4593e+05
  5.0000e-02  2.4534e+05
  1.5000e-01  2.4607e+05
  2.5000e-01  2.4659e+05
  3.5000e-01  2.4881e+05
  4.5000e-01  2.5137e+05
  5.5000e-01  2.5258e+05
  6.5000e-01  2.5492e+05
  7.5000e-01  2.5802e+05
  8.5000e-01  2.5994e+05
  9.5000e-01  2.6304e+05
  1.0500e+00  2.6468e+05
  1.1500e+00  2.6953e+05
  1.2500e+00  2.7095e+05
  1.3500e+00  2.7229e+05
  1.4500e+00  2.7438e+05
  1.5500e+00  2.7686e+05
  1.6500e+00  2.7855e+05
  1.7500e+00  2.8050e+05
  1.8500e+00  2.8286e+05
  1.9500e+00  2.8330e+05
  2.0500e+00  2.8416e+05
  2.1500e+00  2.8326e+05
  2.2500e+00  2.8478e+05
  2.3500e+00  2.8485e+05
  2.4500e+00  2.8580e+05
  2.5500e+00  2.8437e+05
  2.6500e+00  2.8488e+05
  2.7500e+00  2.8476e+05
  2.8500e+00  2.8428e+05
  2.9500e+00  2.8430e+05
  3.0500e+00  2.8374e+05
  3.1500e+00  2.8287e+05
  3.2500e+00  2.8179e+05
  3.3500e+00  2.8118e+05
  3.4500e+00  2.7877e+05
  3.5500e+00  2.7868e+05
  3.6500e+00  2.7781e+05
  3.7500e+00  2.7660e+05
  3.8500e+00  2.7631e+05
  3.9500e+00  2.7472e+05
  4.0500e+00  2.7302e+05
  4.1500e+00  2.7193e+05
  4.2500e+00  2.6923e+05
  4.3500e+00  2.6910e+05
  4.4500e+00  2.6739e+05
  4.5500e+00  2.6668e+05
  4.6500e+00  2.6398e+05
  4.7500e+00  2.6272e+05
  4.8500e+00  2.6095e+05
  4.9500e+00  2.5960e+05
