 -3.9500e+00  2.7526e+05
 -3.8500e+00  2.7496e+05
 -3.7500e+00  2.7730e+05
 -3.6500e+00  2.7752e+05
 -3.5500e+00  2.7826e+05
 -3.4500e+00  2.8001e+05
 -3.3500e+00  2.8179e+05
 -3.2500e+00  2.8235e+05
 -3.1500e+00  2.8189e+05
 -3.0500e+00  2.8342e+05
 -2.9500e+00  2.8420e+05
 -2.8500e+00  2.8510e+05
 -2.7500e+00  2.8553e+05
 -2.6500e+00  2.8557e+05
 -2.5500e+00  2.8582e+05
 -2.4500e+00  2.8510e+05
 -2.3500e+00  2.8473e+05
 -2.2500e+00  2.8456e+05
 -2.1500e+00  2.8474e+05
 -2.0500e+00  2.8246e+05
 -1.9500e+00  2.8184e+05
 -1.8500e+00  2.8196e+05
 -1.7500e+00  2.7944e+05
 -1.6500e+00  2.7740e+05
 -1.5500e+00  2.7761e+05
 -1.4500e+00  2.7482e+05
 -1.3500e+00  2.7336e+05
 -1.2500e+00  2.7035e+05
 -1.1500e+00  2.6816e+05
 -1.0500e+00  2.6579e+05
 -9.5000e-01  2.6257e+05
 -8.5000e-01  2.5993e+05
 -7.5000e-01  2.5734e+05
 -6.5000e-01  2.5571e+05
 -5.5000e-01  2.5320e+05
 -4.5000e-01  2.5019e+05
 -3.5000e-01  2.4864e+05
 -2.5000e-01  2.4674e+05
 -1.5000e-01  2.4584e+05
 -5.0000e-02  2.4602e+05
  5.0000e-02  2.4543e+05
  1.5000e-01  2.4615e+05
  2.5000e-01  2.4669e+05
  3.5000e-01  2.4890e+05
  4.5000e-01  2.5148e+05
  5.5000e-01  2.5267e+05
  6.5000e-01  2.5500e+05
  7.5000e-01  2.5812e+05
  8.5000e-01  2.6004e+05
  9.5000e-01  2.6314e+05
  1.0500e+00  2.6476e+05
  1.1500e+00  2.6962e+05
  1.2500e+00  2.7105e+05
  1.3500e+00  2.7240e+05
  1.4500e+00  2.7448e+05
  1.5500e+00  2.7695e+05
  1.6500e+00  2.7862e+05
  1.7500e+00  2.8057e+05
  1.8500e+00  2.8295e+05
  1.9500e+00  2.8339e+05
  2.0500e+00  2.8423e+05
  2.1500e+00  2.8334e+05
  2.2500e+00  2.8484e+05
  2.3500e+00  2.8492e+05
  2.4500e+00  2.8586e+05
  2.5500e+00  2.8444e+05
  2.6500e+00  2.8493e+05
  2.7500e+00  2.8482e+05
  2.8500e+00  2.8434e+05
  2.9500e+00  2.8436e+05
  3.0500e+00  2.8379e+05
  3.1500e+00  2.8292e+05
  3.2500e+00  2.8185e+05
  3.3500e+00  2.8124e+05
  3.4500e+00  2.7882e+05
  3.5500e+00  2.7872e+05
  3.6500e+00  2.7786e+05
  3.7500e+00  2.7665e+05
  3.8500e+00  2.7636e+05
  3.9500e+00  2.7476e+05
