 -4.9500e+00  2.2070e+03
 -4.8500e+00  2.2580e+03
 -4.7500e+00  2.4070e+03
 -4.6500e+00  2.5140e+03
 -4.5500e+00  2.6760e+03
 -4.4500e+00  2.8650e+03
 -4.3500e+00  2.8460e+03
 -4.2500e+00  3.0620e+03
 -4.1500e+00  3.1590e+03
 -4.0500e+00  3.2270e+03
 -3.9500e+00  3.4390e+03
 -3.8500e+00  3.6400e+03
 -3.7500e+00  3.7120e+03
 -3.6500e+00  3.8250e+03
 -3.5500e+00  3.7900e+03
 -3.4500e+00  4.0850e+03
 -3.3500e+00  4.1840e+03
 -3.2500e+00  4.2670e+03
 -3.1500e+00  4.3490e+03
 -3.0500e+00  4.5730e+03
 -2.9500e+00  4.7160e+03
 -2.8500e+00  4.8550e+03
 -2.7500e+00  4.9110e+03
 -2.6500e+00  5.1650e+03
 -2.5500e+00  5.1080e+03
 -2.4500e+00  5.1140e+03
 -2.3500e+00  5.2820e+03
 -2.2500e+00  5.5150e+03
 -2.1500e+00  5.5230e+03
 -2.0500e+00  5.6890e+03
 -1.9500e+00  5.9290e+03
 -1.8500e+00  5.8550e+03
 -1.7500e+00  5.9450e+03
 -1.6500e+00  5.8940e+03
 -1.5500e+00  6.1620e+03
 -1.4500e+00  6.1030e+03
 -1.3500e+00  6.1280e+03
 -1.2500e+00  6.1600e+03
 -1.1500e+00  6.2710e+03
 -1.0500e+00  6.4690e+03
 -9.5000e-01  6.5320e+03
 -8.5000e-01  6.4850e+03
 -7.5000e-01  6.4090e+03
 -6.5000e-01  6.6170e+03
 -5.5000e-01  6.4880e+03
 -4.5000e-01  6.5420e+03
 -3.5000e-01  6.5200e+03
 -2.5000e-01  6.6330e+03
 -1.5000e-01  6.5570e+03
 -5.0000e-02  6.6020e+03
  5.0000e-02  6.7150e+03
  1.5000e-01  6.5330e+03
  2.5000e-01  6.6240e+03
  3.5000e-01  6.5470e+03
  4.5000e-01  6.5440e+03
  5.5000e-01  6.5560e+03
  6.5000e-01  6.6550e+03
  7.5000e-01  6.5610e+03
  8.5000e-01  6.4280e+03
  9.5000e-01  6.5130e+03
  1.0500e+00  6.3690e+03
  1.1500e+00  6.3640e+03
  1.2500e+00  6.2830e+03
  1.3500e+00  6.2130e+03
  1.4500e+00  6.2150e+03
  1.5500e+00  6.0030e+03
  1.6500e+00  6.1120e+03
  1.7500e+00  5.9820e+03
  1.8500e+00  5.8270e+03
  1.9500e+00  5.8130e+03
  2.0500e+00  5.6410e+03
  2.1500e+00  5.5780e+03
  2.2500e+00  5.4310e+03
  2.3500e+00  5.3790e+03
  2.4500e+00  5.1990e+03
  2.5500e+00  5.1500e+03
  2.6500e+00  4.9770e+03
  2.7500e+00  4.8600e+03
  2.8500e+00  4.8770e+03
  2.9500e+00  4.6340e+03
  3.0500e+00  4.6340e+03
  3.1500e+00  4.3920e+03
  3.2500e+00  4.3660e+03
  3.3500e+00  4.1870e+03
  3.4500e+00  4.1380e+03
  3.5500e+00  3.9310e+03
  3.6500e+00  3.7200e+03
  3.7500e+00  3.5950e+03
  3.8500e+00  3.5470e+03
  3.9500e+00  3.4540e+03
  4.0500e+00  3.3170e+03
  4.1500e+00  3.0420e+03
  4.2500e+00  2.9520e+03
  4.3500e+00  2.8760e+03
  4.4500e+00  2.6710e+03
  4.5500e+00  2.6540e+03
  4.6500e+00  2.4880e+03
  4.7500e+00  2.3890e+03
  4.8500e+00  2.3140e+03
  4.9500e+00  2.1530e+03
