 -4.9500e+00  2.2607e+04
 -4.8500e+00  2.2893e+04
 -4.7500e+00  2.3005e+04
 -4.6500e+00  2.3293e+04
 -4.5500e+00  2.3450e+04
 -4.4500e+00  2.3459e+04
 -4.3500e+00  2.3925e+04
 -4.2500e+00  2.3822e+04
 -4.1500e+00  2.4000e+04
 -4.0500e+00  2.4228e+04
 -3.9500e+00  2.4534e+04
 -3.8500e+00  2.4271e+04
 -3.7500e+00  2.4693e+04
 -3.6500e+00  2.4608e+04
 -3.5500e+00  2.4552e+04
 -3.4500e+00  2.4922e+04
 -3.3500e+00  2.5062e+04
 -3.2500e+00  2.4763e+04
 -3.1500e+00  2.5048e+04
 -3.0500e+00  2.5008e+04
 -2.9500e+00  2.4988e+04
 -2.8500e+00  2.5175e+04
 -2.7500e+00  2.5399e+04
 -2.6500e+00  2.4969e+04
 -2.5500e+00  2.5080e+04
 -2.4500e+00  2.4915e+04
 -2.3500e+00  2.4481e+04
 -2.2500e+00  2.4607e+04
 -2.1500e+00  2.4677e+04
 -2.0500e+00  2.4217e+04
 -1.9500e+00  2.4173e+04
 -1.8500e+00  2.3940e+04
 -1.7500e+00  2.3127e+04
 -1.6500e+00  2.3261e+04
 -1.5500e+00  2.2827e+04
 -1.4500e+00  2.2474e+04
 -1.3500e+00  2.2260e+04
 -1.2500e+00  2.1824e+04
 -1.1500e+00  2.1071e+04
 -1.0500e+00  2.0919e+04
 -9.5000e-01  2.0014e+04
 -8.5000e-01  1.9903e+04
 -7.5000e-01  1.9196e+04
 -6.5000e-01  1.8962e+04
 -5.5000e-01  1.8777e+04
 -4.5000e-01  1.8296e+04
 -3.5000e-01  1.7999e+04
 -2.5000e-01  1.7611e+04
 -1.5000e-01  1.7509e+04
 -5.0000e-02  1.7545e+04
  5.0000e-02  1.7521e+04
  1.5000e-01  1.7512e+04
  2.5000e-01  1.7950e+04
  3.5000e-01  1.7920e+04
  4.5000e-01  1.8389e+04
  5.5000e-01  1.8755e+04
  6.5000e-01  1.9058e+04
  7.5000e-01  1.9470e+04
  8.5000e-01  1.9797e+04
  9.5000e-01  2.0290e+04
  1.0500e+00  2.0568e+04
  1.1500e+00  2.1105e+04
  1.2500e+00  2.1653e+04
  1.3500e+00  2.1744e+04
  1.4500e+00  2.2282e+04
  1.5500e+00  2.2575e+04
  1.6500e+00  2.3444e+04
  1.7500e+00  2.3634e+04
  1.8500e+00  2.3878e+04
  1.9500e+00  2.4194e+04
  2.0500e+00  2.4324e+04
  2.1500e+00  2.4358e+04
  2.2500e+00  2.4588e+04
  2.3500e+00  2.4906e+04
  2.4500e+00  2.5113e+04
  2.5500e+00  2.4625e+04
  2.6500e+00  2.5065e+04
  2.7500e+00  2.4986e+04
  2.8500e+00  2.5039e+04
  2.9500e+00  2.5340e+04
  3.0500e+00  2.4942e+04
  3.1500e+00  2.5115e+04
  3.2500e+00  2.4881e+04
  3.3500e+00  2.5001e+04
  3.4500e+00  2.4913e+04
  3.5500e+00  2.4782e+04
  3.6500e+00  2.4734e+04
  3.7500e+00  2.4436e+04
  3.8500e+00  2.4388e+04
  3.9500e+00  2.4108e+04
  4.0500e+00  2.4106e+04
  4.1500e+00  2.4391e+04
  4.2500e+00  2.3992e+04
  4.3500e+00  2.4153e+04
  4.4500e+00  2.3633e+04
  4.5500e+00  2.3620e+04
  4.6500e+00  2.3216e+04
  4.7500e+00  2.3303e+04
  4.8500e+00  2.2820e+04
  4.9500e+00  2.2860e+04
