 -4.9500e+00  2.3058e+04
 -4.8500e+00  2.3325e+04
 -4.7500e+00  2.3248e+04
 -4.6500e+00  2.3597e+04
 -4.5500e+00  2.3450e+04
 -4.4500e+00  2.3586e+04
 -4.3500e+00  2.3339e+04
 -4.2500e+00  2.3413e+04
 -4.1500e+00  2.3429e+04
 -4.0500e+00  2.3796e+04
 -3.9500e+00  2.3480e+04
 -3.8500e+00  2.3492e+04
 -3.7500e+00  2.3442e+04
 -3.6500e+00  2.3430e+04
 -3.5500e+00  2.3292e+04
 -3.4500e+00  2.3398e+04
 -3.3500e+00  2.3760e+04
 -3.2500e+00  2.3412e+04
 -3.1500e+00  2.3075e+04
 -3.0500e+00  2.3252e+04
 -2.9500e+00  2.3264e+04
 -2.8500e+00  2.2946e+04
 -2.7500e+00  2.2874e+04
 -2.6500e+00  2.2594e+04
 -2.5500e+00  2.2603e+04
 -2.4500e+00  2.2525e+04
 -2.3500e+00  2.2447e+04
 -2.2500e+00  2.1975e+04
 -2.1500e+00  2.1759e+04
 -2.0500e+00  2.1487e+04
 -1.9500e+00  2.1175e+04
 -1.8500e+00  2.0933e+04
 -1.7500e+00  2.0533e+04
 -1.6500e+00  1.9852e+04
 -1.5500e+00  1.9871e+04
 -1.4500e+00  1.9209e+04
 -1.3500e+00  1.8794e+04
 -1.2500e+00  1.8428e+04
 -1.1500e+00  1.7659e+04
 -1.0500e+00  1.7420e+04
 -9.5000e-01  1.6706e+04
 -8.5000e-01  1.6309e+04
 -7.5000e-01  1.5826e+04
 -6.5000e-01  1.5358e+04
 -5.5000e-01  1.5039e+04
 -4.5000e-01  1.4846e+04
 -3.5000e-01  1.4497e+04
 -2.5000e-01  1.4213e+04
 -1.5000e-01  1.4109e+04
 -5.0000e-02  1.4282e+04
  5.0000e-02  1.4035e+04
  1.5000e-01  1.4288e+04
  2.5000e-01  1.4308e+04
  3.5000e-01  1.4552e+04
  4.5000e-01  1.4843e+04
  5.5000e-01  1.4978e+04
  6.5000e-01  1.5298e+04
  7.5000e-01  1.5987e+04
  8.5000e-01  1.6439e+04
  9.5000e-01  1.6897e+04
  1.0500e+00  1.7226e+04
  1.1500e+00  1.7866e+04
  1.2500e+00  1.8221e+04
  1.3500e+00  1.9024e+04
  1.4500e+00  1.9325e+04
  1.5500e+00  1.9817e+04
  1.6500e+00  2.0249e+04
  1.7500e+00  2.0529e+04
  1.8500e+00  2.0534e+04
  1.9500e+00  2.1214e+04
  2.0500e+00  2.1590e+04
  2.1500e+00  2.1855e+04
  2.2500e+00  2.1935e+04
  2.3500e+00  2.2165e+04
  2.4500e+00  2.2478e+04
  2.5500e+00  2.2486e+04
  2.6500e+00  2.2704e+04
  2.7500e+00  2.2780e+04
  2.8500e+00  2.3004e+04
  2.9500e+00  2.2943e+04
  3.0500e+00  2.3134e+04
  3.1500e+00  2.3502e+04
  3.2500e+00  2.3094e+04
  3.3500e+00  2.3391e+04
  3.4500e+00  2.3464e+04
  3.5500e+00  2.3321e+04
  3.6500e+00  2.3345e+04
  3.7500e+00  2.3635e+04
  3.8500e+00  2.3422e+04
  3.9500e+00  2.3397e+04
  4.0500e+00  2.3544e+04
  4.1500e+00  2.3525e+04
  4.2500e+00  2.3422e+04
  4.3500e+00  2.3440e+04
  4.4500e+00  2.3344e+04
  4.5500e+00  2.3352e+04
  4.6500e+00  2.3054e+04
  4.7500e+00  2.3458e+04
  4.8500e+00  2.2893e+04
  4.9500e+00  2.3239e+04
