 -4.9500e+00  2.6052e+05
 -4.8500e+00  2.6153e+05
 -4.7500e+00  2.6204e+05
 -4.6500e+00  2.6196e+05
 -4.5500e+00  2.6318e+05
 -4.4500e+00  2.6432e+05
 -4.3500e+00  2.6375e+05
 -4.2500e+00  2.6394e+05
 -4.1500e+00  2.6426e+05
 -4.0500e+00  2.6429e+05
 -3.9500e+00  2.6487e+05
 -3.8500e+00  2.6524e+05
 -3.7500e+00  2.6382e+05
 -3.6500e+00  2.6454e+05
 -3.5500e+00  2.6435e+05
 -3.4500e+00  2.6356e+05
 -3.3500e+00  2.6355e+05
 -3.2500e+00  2.6313e+05
 -3.1500e+00  2.6340e+05
 -3.0500e+00  2.6241e+05
 -2.9500e+00  2.6236e+05
 -2.8500e+00  2.6196e+05
 -2.7500e+00  2.6148e+05
 -2.6500e+00  2.5915e+05
 -2.5500e+00  2.5941e+05
 -2.4500e+00  2.5775e+05
 -2.3500e+00  2.5680e+05
 -2.2500e+00  2.5643e+05
 -2.1500e+00  2.5438e+05
 -2.0500e+00  2.5338e+05
 -1.9500e+00  2.5061e+05
 -1.8500e+00  2.4933e+05
 -1.7500e+00  2.4682e+05
 -1.6500e+00  2.4577e+05
 -1.5500e+00  2.4284e+05
 -1.4500e+00  2.3955e+05
 -1.3500e+00  2.3809e+05
 -1.2500e+00  2.3504e+05
 -1.1500e+00  2.3230e+05
 -1.0500e+00  2.2953e+05
 -9.5000e-01  2.2581e+05
 -8.5000e-01  2.2291e+05
 -7.5000e-01  2.2060e+05
 -6.5000e-01  2.1788e+05
 -5.5000e-01  2.1511e+05
 -4.5000e-01  2.1330e+05
 -3.5000e-01  2.1171e+05
 -2.5000e-01  2.0987e+05
 -1.5000e-01  2.0871e+05
 -5.0000e-02  2.0797e+05
  5.0000e-02  2.0791e+05
  1.5000e-01  2.0875e+05
  2.5000e-01  2.0998e+05
  3.5000e-01  2.1152e+05
  4.5000e-01  2.1306e+05
  5.5000e-01  2.1573e+05
  6.5000e-01  2.1717e+05
  7.5000e-01  2.2083e+05
  8.5000e-01  2.2328e+05
  9.5000e-01  2.2617e+05
  1.0500e+00  2.2907e+05
  1.1500e+00  2.3224e+05
  1.2500e+00  2.3524e+05
  1.3500e+00  2.3830e+05
  1.4500e+00  2.3998e+05
  1.5500e+00  2.4282e+05
  1.6500e+00  2.4549e+05
  1.7500e+00  2.4762e+05
  1.8500e+00  2.4763e+05
  1.9500e+00  2.5174e+05
  2.0500e+00  2.5297e+05
  2.1500e+00  2.5322e+05
  2.2500e+00  2.5540e+05
  2.3500e+00  2.5687e+05
  2.4500e+00  2.5764e+05
  2.5500e+00  2.5849e+05
  2.6500e+00  2.6000e+05
  2.7500e+00  2.6072e+05
  2.8500e+00  2.6164e+05
  2.9500e+00  2.6182e+05
  3.0500e+00  2.6215e+05
  3.1500e+00  2.6282e+05
  3.2500e+00  2.6368e+05
  3.3500e+00  2.6398e+05
  3.4500e+00  2.6532e+05
  3.5500e+00  2.6562e+05
  3.6500e+00  2.6424e+05
  3.7500e+00  2.6437e+05
  3.8500e+00  2.6442e+05
  3.9500e+00  2.6551e+05
  4.0500e+00  2.6430e+05
  4.1500e+00  2.6383e+05
  4.2500e+00  2.6426e+05
  4.3500e+00  2.6446e+05
  4.4500e+00  2.6361e+05
  4.5500e+00  2.6277e+05
  4.6500e+00  2.6102e+05
  4.7500e+00  2.6162e+05
  4.8500e+00  2.6180e+05
  4.9500e+00  2.6111e+05
