 -4.9500e+00  2.8157e+05
 -4.8500e+00  2.8160e+05
 -4.7500e+00  2.8411e+05
 -4.6500e+00  2.8461e+05
 -4.5500e+00  2.8560e+05
 -4.4500e+00  2.8582e+05
 -4.3500e+00  2.8757e+05
 -4.2500e+00  2.8709e+05
 -4.1500e+00  2.8913e+05
 -4.0500e+00  2.8955e+05
 -3.9500e+00  2.8989e+05
 -3.8500e+00  2.8963e+05
 -3.7500e+00  2.9014e+05
 -3.6500e+00  2.9108e+05
 -3.5500e+00  2.9189e+05
 -3.4500e+00  2.9103e+05
 -3.3500e+00  2.9090e+05
 -3.2500e+00  2.9128e+05
 -3.1500e+00  2.9054e+05
 -3.0500e+00  2.9130e+05
 -2.9500e+00  2.9067e+05
 -2.8500e+00  2.9014e+05
 -2.7500e+00  2.9002e+05
 -2.6500e+00  2.8858e+05
 -2.5500e+00  2.8743e+05
 -2.4500e+00  2.8742e+05
 -2.3500e+00  2.8660e+05
 -2.2500e+00  2.8556e+05
 -2.1500e+00  2.8386e+05
 -2.0500e+00  2.8256e+05
 -1.9500e+00  2.8080e+05
 -1.8500e+00  2.7916e+05
 -1.7500e+00  2.7709e+05
 -1.6500e+00  2.7399e+05
 -1.5500e+00  2.7273e+05
 -1.4500e+00  2.7094e+05
 -1.3500e+00  2.6823e+05
 -1.2500e+00  2.6484e+05
 -1.1500e+00  2.6115e+05
 -1.0500e+00  2.5908e+05
 -9.5000e-01  2.5661e+05
 -8.5000e-01  2.5260e+05
 -7.5000e-01  2.4977e+05
 -6.5000e-01  2.4656e+05
 -5.5000e-01  2.4335e+05
 -4.5000e-01  2.4059e+05
 -3.5000e-01  2.3890e+05
 -2.5000e-01  2.3763e+05
 -1.5000e-01  2.3641e+05
 -5.0000e-02  2.3510e+05
  5.0000e-02  2.3612e+05
  1.5000e-01  2.3647e+05
  2.5000e-01  2.3831e+05
  3.5000e-01  2.3989e+05
  4.5000e-01  2.4099e+05
  5.5000e-01  2.4324e+05
  6.5000e-01  2.4671e+05
  7.5000e-01  2.4919e+05
  8.5000e-01  2.5207e+05
  9.5000e-01  2.5590e+05
  1.0500e+00  2.5872e+05
  1.1500e+00  2.6307e+05
  1.2500e+00  2.6476e+05
  1.3500e+00  2.6696e+05
  1.4500e+00  2.6925e+05
  1.5500e+00  2.7265e+05
  1.6500e+00  2.7536e+05
  1.7500e+00  2.7781e+05
  1.8500e+00  2.7973e+05
  1.9500e+00  2.8061e+05
  2.0500e+00  2.8225e+05
  2.1500e+00  2.8366e+05
  2.2500e+00  2.8515e+05
  2.3500e+00  2.8583e+05
  2.4500e+00  2.8689e+05
  2.5500e+00  2.8790e+05
  2.6500e+00  2.8911e+05
  2.7500e+00  2.8915e+05
  2.8500e+00  2.8950e+05
  2.9500e+00  2.9003e+05
  3.0500e+00  2.9002e+05
  3.1500e+00  2.9009e+05
  3.2500e+00  2.9123e+05
  3.3500e+00  2.9062e+05
  3.4500e+00  2.9083e+05
  3.5500e+00  2.9079e+05
  3.6500e+00  2.9109e+05
  3.7500e+00  2.8999e+05
  3.8500e+00  2.8937e+05
  3.9500e+00  2.8970e+05
  4.0500e+00  2.8903e+05
  4.1500e+00  2.8919e+05
  4.2500e+00  2.8827e+05
  4.3500e+00  2.8681e+05
  4.4500e+00  2.8802e+05
  4.5500e+00  2.8559e+05
  4.6500e+00  2.8508e+05
  4.7500e+00  2.8425e+05
  4.8500e+00  2.8277e+05
  4.9500e+00  2.8157e+05
