 -4.9500e+00  2.6700e+02
 -4.8500e+00  2.6800e+02
 -4.7500e+00  2.8100e+02
 -4.6500e+00  2.9200e+02
 -4.5500e+00  3.1500e+02
 -4.4500e+00  2.9400e+02
 -4.3500e+00  3.4500e+02
 -4.2500e+00  3.1700e+02
 -4.1500e+00  3.4400e+02
 -4.0500e+00  3.6100e+02
 -3.9500e+00  3.5800e+02
 -3.8500e+00  3.4400e+02
 -3.7500e+00  3.8500e+02
 -3.6500e+00  3.7200e+02
 -3.5500e+00  3.7600e+02
 -3.4500e+00  3.5400e+02
 -3.3500e+00  3.8100e+02
 -3.2500e+00  3.9600e+02
 -3.1500e+00  4.2000e+02
 -3.0500e+00  4.4700e+02
 -2.9500e+00  4.4100e+02
 -2.8500e+00  4.2200e+02
 -2.7500e+00  3.9500e+02
 -2.6500e+00  4.4000e+02
 -2.5500e+00  4.3700e+02
 -2.4500e+00  4.6400e+02
 -2.3500e+00  4.5300e+02
 -2.2500e+00  4.9100e+02
 -2.1500e+00  4.5200e+02
 -2.0500e+00  4.1100e+02
 -1.9500e+00  4.4200e+02
 -1.8500e+00  4.3500e+02
 -1.7500e+00  4.1700e+02
 -1.6500e+00  4.0200e+02
 -1.5500e+00  4.4200e+02
 -1.4500e+00  4.1800e+02
 -1.3500e+00  4.3400e+02
 -1.2500e+00  4.1600e+02
 -1.1500e+00  4.0500e+02
 -1.0500e+00  4.1600e+02
 -9.5000e-01  4.2000e+02
 -8.5000e-01  3.9800e+02
 -7.5000e-01  4.0900e+02
 -6.5000e-01  4.2000e+02
 -5.5000e-01  4.2200e+02
 -4.5000e-01  3.6800e+02
 -3.5000e-01  4.1400e+02
 -2.5000e-01  3.6700e+02
 -1.5000e-01  3.7900e+02
 -5.0000e-02  3.6500e+02
  5.0000e-02  3.9700e+02
  1.5000e-01  3.5400e+02
  2.5000e-01  4.1000e+02
  3.5000e-01  3.9100e+02
  4.5000e-01  3.5800e+02
  5.5000e-01  4.0400e+02
  6.5000e-01  3.9400e+02
  7.5000e-01  3.8200e+02
  8.5000e-01  4.1200e+02
  9.5000e-01  4.0400e+02
  1.0500e+00  4.0600e+02
  1.1500e+00  4.6600e+02
  1.2500e+00  4.8600e+02
  1.3500e+00  4.3400e+02
  1.4500e+00  4.6600e+02
  1.5500e+00  4.6700e+02
  1.6500e+00  4.4600e+02
  1.7500e+00  4.1700e+02
  1.8500e+00  4.6200e+02
  1.9500e+00  4.5800e+02
  2.0500e+00  4.6400e+02
  2.1500e+00  4.7600e+02
  2.2500e+00  4.3600e+02
  2.3500e+00  3.9700e+02
  2.4500e+00  4.2800e+02
  2.5500e+00  4.3500e+02
  2.6500e+00  4.3400e+02
  2.7500e+00  4.1300e+02
  2.8500e+00  4.2400e+02
  2.9500e+00  3.9400e+02
  3.0500e+00  4.4200e+02
  3.1500e+00  4.1300e+02
  3.2500e+00  3.9400e+02
  3.3500e+00  3.8600e+02
  3.4500e+00  3.8800e+02
  3.5500e+00  3.2600e+02
  3.6500e+00  3.6700e+02
  3.7500e+00  3.5400e+02
  3.8500e+00  3.4400e+02
  3.9500e+00  3.6700e+02
  4.0500e+00  3.4000e+02
  4.1500e+00  3.1300e+02
  4.2500e+00  3.2300e+02
  4.3500e+00  3.3900e+02
  4.4500e+00  3.1300e+02
  4.5500e+00  3.0600e+02
  4.6500e+00  2.7200e+02
  4.7500e+00  3.0000e+02
  4.8500e+00  2.6800e+02
  4.9500e+00  2.4900e+02
