 -4.9500e+00  2.6126e+04
 -4.8500e+00  2.6401e+04
 -4.7500e+00  2.6484e+04
 -4.6500e+00  2.6646e+04
 -4.5500e+00  2.6974e+04
 -4.4500e+00  2.7325e+04
 -4.3500e+00  2.7719e+04
 -4.2500e+00  2.7679e+04
 -4.1500e+00  2.7727e+04
 -4.0500e+00  2.7871e+04
 -3.9500e+00  2.8229e+04
 -3.8500e+00  2.8286e+04
 -3.7500e+00  2.8424e+04
 -3.6500e+00  2.8517e+04
 -3.5500e+00  2.8867e+04
 -3.4500e+00  2.8885e+04
 -3.3500e+00  2.8521e+04
 -3.2500e+00  2.9188e+04
 -3.1500e+00  2.8780e+04
 -3.0500e+00  2.9272e+04
 -2.9500e+00  2.9213e+04
 -2.8500e+00  2.9367e+04
 -2.7500e+00  2.9517e+04
 -2.6500e+00  2.9245e+04
 -2.5500e+00  2.9240e+04
 -2.4500e+00  2.9095e+04
 -2.3500e+00  2.9220e+04
 -2.2500e+00  2.8925e+04
 -2.1500e+00  2.8976e+04
 -2.0500e+00  2.8451e+04
 -1.9500e+00  2.8094e+04
 -1.8500e+00  2.7624e+04
 -1.7500e+00  2.7690e+04
 -1.6500e+00  2.7449e+04
 -1.5500e+00  2.7063e+04
 -1.4500e+00  2.6498e+04
 -1.3500e+00  2.5917e+04
 -1.2500e+00  2.5799e+04
 -1.1500e+00  2.5099e+04
 -1.0500e+00  2.4711e+04
 -9.5000e-01  2.4411e+04
 -8.5000e-01  2.3573e+04
 -7.5000e-01  2.2919e+04
 -6.5000e-01  2.2644e+04
 -5.5000e-01  2.2377e+04
 -4.5000e-01  2.1836e+04
 -3.5000e-01  2.1703e+04
 -2.5000e-01  2.1431e+04
 -1.5000e-01  2.1392e+04
 -5.0000e-02  2.1112e+04
  5.0000e-02  2.1213e+04
  1.5000e-01  2.0978e+04
  2.5000e-01  2.1089e+04
  3.5000e-01  2.1496e+04
  4.5000e-01  2.1890e+04
  5.5000e-01  2.2346e+04
  6.5000e-01  2.2562e+04
  7.5000e-01  2.3125e+04
  8.5000e-01  2.3409e+04
  9.5000e-01  2.4434e+04
  1.0500e+00  2.4472e+04
  1.1500e+00  2.5262e+04
  1.2500e+00  2.5500e+04
  1.3500e+00  2.5977e+04
  1.4500e+00  2.6551e+04
  1.5500e+00  2.6836e+04
  1.6500e+00  2.7429e+04
  1.7500e+00  2.7741e+04
  1.8500e+00  2.7888e+04
  1.9500e+00  2.7942e+04
  2.0500e+00  2.8473e+04
  2.1500e+00  2.8999e+04
  2.2500e+00  2.9014e+04
  2.3500e+00  2.9151e+04
  2.4500e+00  2.9082e+04
  2.5500e+00  2.9210e+04
  2.6500e+00  2.8991e+04
  2.7500e+00  2.9475e+04
  2.8500e+00  2.9068e+04
  2.9500e+00  2.9284e+04
  3.0500e+00  2.9167e+04
  3.1500e+00  2.9553e+04
  3.2500e+00  2.9012e+04
  3.3500e+00  2.9110e+04
  3.4500e+00  2.8698e+04
  3.5500e+00  2.8896e+04
  3.6500e+00  2.8798e+04
  3.7500e+00  2.8435e+04
  3.8500e+00  2.8444e+04
  3.9500e+00  2.8123e+04
  4.0500e+00  2.8048e+04
  4.1500e+00  2.7872e+04
  4.2500e+00  2.7783e+04
  4.3500e+00  2.7218e+04
  4.4500e+00  2.7132e+04
  4.5500e+00  2.6773e+04
  4.6500e+00  2.6478e+04
  4.7500e+00  2.6557e+04
  4.8500e+00  2.6456e+04
  4.9500e+00  2.5738e+04
