 -4.9500e+00  3.0180e+03
 -4.8500e+00  2.8880e+03
 -4.7500e+00  2.9360e+03
 -4.6500e+00  3.0430e+03
 -4.5500e+00  3.0070e+03
 -4.4500e+00  3.0340e+03
 -4.3500e+00  3.0390e+03
 -4.2500e+00  3.0460e+03
 -4.1500e+00  3.2420e+03
 -4.0500e+00  3.0820e+03
 -3.9500e+00  3.1930e+03
 -3.8500e+00  3.1620e+03
 -3.7500e+00  3.1850e+03
 -3.6500e+00  3.2220e+03
 -3.5500e+00  3.1860e+03
 -3.4500e+00  3.3220e+03
 -3.3500e+00  3.3660e+03
 -3.2500e+00  3.2980e+03
 -3.1500e+00  3.2460e+03
 -3.0500e+00  3.3230e+03
 -2.9500e+00  3.3570e+03
 -2.8500e+00  3.2430e+03
 -2.7500e+00  3.2390e+03
 -2.6500e+00  3.2820e+03
 -2.5500e+00  3.3560e+03
 -2.4500e+00  3.3440e+03
 -2.3500e+00  3.3220e+03
 -2.2500e+00  3.3190e+03
 -2.1500e+00  3.3590e+03
 -2.0500e+00  3.2010e+03
 -1.9500e+00  3.2660e+03
 -1.8500e+00  3.2560e+03
 -1.7500e+00  3.2350e+03
 -1.6500e+00  3.2200e+03
 -1.5500e+00  3.2170e+03
 -1.4500e+00  3.1150e+03
 -1.3500e+00  3.1740e+03
 -1.2500e+00  3.0780e+03
 -1.1500e+00  3.1410e+03
 -1.0500e+00  3.1050e+03
 -9.5000e-01  3.1350e+03
 -8.5000e-01  3.1800e+03
 -7.5000e-01  2.9690e+03
 -6.5000e-01  3.0570e+03
 -5.5000e-01  2.8590e+03
 -4.5000e-01  2.8070e+03
 -3.5000e-01  2.8610e+03
 -2.5000e-01  2.9390e+03
 -1.5000e-01  2.9160e+03
 -5.0000e-02  2.9020e+03
  5.0000e-02  2.8510e+03
  1.5000e-01  2.9530e+03
  2.5000e-01  2.8630e+03
  3.5000e-01  2.9010e+03
  4.5000e-01  2.8040e+03
  5.5000e-01  2.9560e+03
  6.5000e-01  2.9570e+03
  7.5000e-01  2.9390e+03
  8.5000e-01  3.1480e+03
  9.5000e-01  3.0790e+03
  1.0500e+00  3.1170e+03
  1.1500e+00  3.1000e+03
  1.2500e+00  3.1100e+03
  1.3500e+00  3.0980e+03
  1.4500e+00  3.1450e+03
  1.5500e+00  3.1510e+03
  1.6500e+00  3.2330e+03
  1.7500e+00  3.2840e+03
  1.8500e+00  3.2570e+03
  1.9500e+00  3.2130e+03
  2.0500e+00  3.2960e+03
  2.1500e+00  3.3580e+03
  2.2500e+00  3.2730e+03
  2.3500e+00  3.2930e+03
  2.4500e+00  3.2890e+03
  2.5500e+00  3.3000e+03
  2.6500e+00  3.3360e+03
  2.7500e+00  3.2460e+03
  2.8500e+00  3.2980e+03
  2.9500e+00  3.3190e+03
  3.0500e+00  3.2620e+03
  3.1500e+00  3.2890e+03
  3.2500e+00  3.2400e+03
  3.3500e+00  3.2520e+03
  3.4500e+00  3.2880e+03
  3.5500e+00  3.1930e+03
  3.6500e+00  3.2110e+03
  3.7500e+00  3.1500e+03
  3.8500e+00  3.1480e+03
  3.9500e+00  3.2280e+03
  4.0500e+00  3.0850e+03
  4.1500e+00  3.0680e+03
  4.2500e+00  3.0850e+03
  4.3500e+00  3.0250e+03
  4.4500e+00  2.9940e+03
  4.5500e+00  2.9840e+03
  4.6500e+00  3.0270e+03
  4.7500e+00  3.0210e+03
  4.8500e+00  3.0610e+03
  4.9500e+00  2.9060e+03
