 -4.9500e+00  2.9330e+05
 -4.8500e+00  2.9448e+05
 -4.7500e+00  2.9650e+05
 -4.6500e+00  2.9971e+05
 -4.5500e+00  3.0296e+05
 -4.4500e+00  3.0576e+05
 -4.3500e+00  3.0746e+05
 -4.2500e+00  3.0939e+05
 -4.1500e+00  3.1091e+05
 -4.0500e+00  3.1410e+05
 -3.9500e+00  3.1518e+05
 -3.8500e+00  3.1781e+05
 -3.7500e+00  3.1913e+05
 -3.6500e+00  3.1983e+05
 -3.5500e+00  3.2151e+05
 -3.4500e+00  3.2446e+05
 -3.3500e+00  3.2447e+05
 -3.2500e+00  3.2536e+05
 -3.1500e+00  3.2642e+05
 -3.0500e+00  3.2785e+05
 -2.9500e+00  3.2898e+05
 -2.8500e+00  3.3010e+05
 -2.7500e+00  3.3067e+05
 -2.6500e+00  3.3094e+05
 -2.5500e+00  3.3129e+05
 -2.4500e+00  3.3002e+05
 -2.3500e+00  3.3202e+05
 -2.2500e+00  3.3111e+05
 -2.1500e+00  3.2943e+05
 -2.0500e+00  3.2867e+05
 -1.9500e+00  3.2900e+05
 -1.8500e+00  3.2736e+05
 -1.7500e+00  3.2658e+05
 -1.6500e+00  3.2475e+05
 -1.5500e+00  3.2287e+05
 -1.4500e+00  3.2020e+05
 -1.3500e+00  3.1880e+05
 -1.2500e+00  3.1595e+05
 -1.1500e+00  3.1308e+05
 -1.0500e+00  3.1048e+05
 -9.5000e-01  3.0742e+05
 -8.5000e-01  3.0476e+05
 -7.5000e-01  3.0032e+05
 -6.5000e-01  2.9901e+05
 -5.5000e-01  2.9660e+05
 -4.5000e-01  2.9349e+05
 -3.5000e-01  2.9108e+05
 -2.5000e-01  2.8995e+05
 -1.5000e-01  2.8984e+05
 -5.0000e-02  2.8821e+05
  5.0000e-02  2.8885e+05
  1.5000e-01  2.8760e+05
  2.5000e-01  2.8962e+05
  3.5000e-01  2.9181e+05
  4.5000e-01  2.9366e+05
  5.5000e-01  2.9569e+05
  6.5000e-01  2.9856e+05
  7.5000e-01  3.0183e+05
  8.5000e-01  3.0421e+05
  9.5000e-01  3.0769e+05
  1.0500e+00  3.1009e+05
  1.1500e+00  3.1326e+05
  1.2500e+00  3.1567e+05
  1.3500e+00  3.1844e+05
  1.4500e+00  3.2074e+05
  1.5500e+00  3.2227e+05
  1.6500e+00  3.2449e+05
  1.7500e+00  3.2580e+05
  1.8500e+00  3.2732e+05
  1.9500e+00  3.2781e+05
  2.0500e+00  3.2893e+05
  2.1500e+00  3.3082e+05
  2.2500e+00  3.3020e+05
  2.3500e+00  3.3075e+05
  2.4500e+00  3.3133e+05
  2.5500e+00  3.3091e+05
  2.6500e+00  3.2987e+05
  2.7500e+00  3.3014e+05
  2.8500e+00  3.2938e+05
  2.9500e+00  3.2798e+05
  3.0500e+00  3.2731e+05
  3.1500e+00  3.2728e+05
  3.2500e+00  3.2559e+05
  3.3500e+00  3.2490e+05
  3.4500e+00  3.2167e+05
  3.5500e+00  3.2151e+05
  3.6500e+00  3.2018e+05
  3.7500e+00  3.1810e+05
  3.8500e+00  3.1714e+05
  3.9500e+00  3.1516e+05
  4.0500e+00  3.1325e+05
  4.1500e+00  3.1138e+05
  4.2500e+00  3.0979e+05
  4.3500e+00  3.0656e+05
  4.4500e+00  3.0430e+05
  4.5500e+00  3.0254e+05
  4.6500e+00  2.9967e+05
  4.7500e+00  2.9869e+05
  4.8500e+00  2.9535e+05
  4.9500e+00  2.9179e+05
